-10.0	3.648147588224335e-5
-9.97997997997998	3.6645159864122095e-5
-9.95995995995996	3.680997585591544e-5
-9.93993993993994	3.6975934565087025e-5
-9.91991991991992	3.714304682881813e-5
-9.8998998998999	3.7311323615939e-5
-9.87987987987988	3.7480776028894506e-5
-9.85985985985986	3.7651415305744915e-5
-9.83983983983984	3.782325282220239e-5
-9.81981981981982	3.7996300093704166e-5
-9.7997997997998	3.817056877752294e-5
-9.77977977977978	3.834607067491551e-5
-9.75975975975976	3.852281773331018e-5
-9.73973973973974	3.8700822048534094e-5
-9.71971971971972	3.888009586708101e-5
-9.6996996996997	3.906065158842069e-5
-9.67967967967968	3.924250176735052e-5
-9.65965965965966	3.942565911639045e-5
-9.63963963963964	3.961013650822224e-5
-9.61961961961962	3.979594697817367e-5
-9.5995995995996	3.998310372674902e-5
-9.57957957957958	4.017162012220677e-5
-9.55955955955956	4.036150970318527e-5
-9.53953953953954	4.055278618137787e-5
-9.51951951951952	4.074546344425828e-5
-9.4994994994995	4.093955555785731e-5
-9.47947947947948	4.113507676959232e-5
-9.45945945945946	4.133204151115035e-5
-9.43943943943944	4.153046440142621e-5
-9.41941941941942	4.1730360249516736e-5
-9.3993993993994	4.1931744057772544e-5
-9.37937937937938	4.213463102490851e-5
-9.35935935935936	4.233903654917429e-5
-9.33933933933934	4.254497623158638e-5
-9.31931931931932	4.27524658792229e-5
-9.2992992992993	4.2961521508582755e-5
-9.27927927927928	4.317215934901055e-5
-9.25925925925926	4.338439584618873e-5
-9.23923923923924	4.359824766569865e-5
-9.21921921921922	4.3813731696651994e-5
-9.1991991991992	4.4030865055394386e-5
-9.17917917917918	4.4249665089282614e-5
-9.15915915915916	4.4470149380537575e-5
-9.13913913913914	4.469233575017431e-5
-9.11911911911912	4.4916242262011275e-5
-9.0990990990991	4.514188722676062e-5
-9.07907907907908	4.5369289206201304e-5
-9.05905905905906	4.559846701743723e-5
-9.03903903903904	4.582943973724234e-5
-9.01901901901902	4.6062226706494717e-5
-8.998998998999	4.6296847534702e-5
-8.97897897897898	4.653332210462015e-5
-8.95895895895896	4.677167057696804e-5
-8.93893893893894	4.701191339524013e-5
-8.91891891891892	4.725407129061949e-5
-8.8988988988989	4.7498165286994085e-5
-8.87887887887888	4.774421670607836e-5
-8.85885885885886	4.7992247172643115e-5
-8.83883883883884	4.824227861985633e-5
-8.81881881881882	4.8494333294737546e-5
-8.7987987987988	4.874843376372893e-5
-8.77877877877878	4.900460291838576e-5
-8.75875875875876	4.926286398118958e-5
-8.73873873873874	4.9523240511486974e-5
-8.71871871871872	4.97857564115573e-5
-8.6986986986987	5.005043593281275e-5
-8.67867867867868	5.031730368213408e-5
-8.65865865865866	5.058638462834552e-5
-8.63863863863864	5.085770410883267e-5
-8.618618618618619	5.1131287836307044e-5
-8.598598598598599	5.140716190572105e-5
-8.578578578578579	5.16853528013376e-5
-8.558558558558559	5.196588740395829e-5
-8.538538538538539	5.2248792998314534e-5
-8.518518518518519	5.253409728062597e-5
-8.498498498498499	5.282182836633069e-5
-8.478478478478479	5.311201479799198e-5
-8.458458458458459	5.340468555338638e-5
-8.438438438438439	5.3699870053778015e-5
-8.418418418418419	5.399759817238446e-5
-8.398398398398399	5.42979002430393e-5
-8.378378378378379	5.460080706905696e-5
-8.358358358358359	5.490634993230559e-5
-8.338338338338339	5.521456060249353e-5
-8.318318318318319	5.5525471346675863e-5
-8.298298298298299	5.583911493898699e-5
-8.278278278278279	5.615552467060581e-5
-8.258258258258259	5.647473435996028e-5
-8.238238238238239	5.679677836317824e-5
-8.218218218218219	5.7121691584791616e-5
-8.198198198198199	5.744950948870156e-5
-8.178178178178179	5.778026810941213e-5
-8.158158158158159	5.8114004063540546e-5
-8.138138138138139	5.8450754561612186e-5
-8.118118118118119	5.879055742014899e-5
-8.098098098098099	5.9133451074060005e-5
-8.078078078078079	5.9479474589343435e-5
-8.058058058058059	5.982866767610952e-5
-8.038038038038039	6.0181070701934276e-5
-8.018018018018019	6.053672470555434e-5
-7.997997997997999	6.089567141091344e-5
-7.977977977977979	6.125795324157174e-5
-7.957957957957959	6.162361333548929e-5
-7.937937937937939	6.199269556019581e-5
-7.917917917917919	6.236524452835883e-5
-7.897897897897899	6.274130561376338e-5
-7.877877877877879	6.312092496771643e-5
-7.857857857857859	6.35041495358901e-5
-7.837837837837839	6.389102707561802e-5
-7.817817817817819	6.428160617366022e-5
-7.797797797797799	6.46759362644517e-5
-7.777777777777779	6.507406764885174e-5
-7.7577577577577586	6.54760515134104e-5
-7.7377377377377385	6.588193995017047e-5
-7.7177177177177185	6.629178597702306e-5
-7.6976976976976985	6.670564355863637e-5
-7.6776776776776785	6.712356762797797e-5
-7.6576576576576585	6.754561410845131e-5
-7.6376376376376385	6.797183993666902e-5
-7.6176176176176185	6.840230308588567e-5
-7.5975975975975985	6.883706259011444e-5
-7.577577577577578	6.927617856895257e-5
-7.557557557557558	6.971971225314263e-5
-7.537537537537538	7.016772601089658e-5
-7.517517517517518	7.062028337501249e-5
-7.497497497497498	7.107744907081372e-5
-7.477477477477478	7.153928904494298e-5
-7.457457457457458	7.200587049504486e-5
-7.437437437437438	7.247726190037193e-5
-7.417417417417418	7.295353305335187e-5
-7.397397397397398	7.343475509215464e-5
-7.377377377377378	7.392100053430087e-5
-7.357357357357358	7.441234331135503e-5
-7.337337337337338	7.490885880474915e-5
-7.317317317317318	7.54106238827856e-5
-7.297297297297298	7.591771693886995e-5
-7.277277277277277	7.64302179310282e-5
-7.257257257257258	7.69482084227654e-5
-7.237237237237238	7.747177162532686e-5
-7.217217217217218	7.800099244142562e-5
-7.197197197197198	7.853595751050528e-5
-7.177177177177177	7.907675525561033e-5
-7.157157157157158	7.962347593194134e-5
-7.137137137137138	8.017621167717773e-5
-7.117117117117118	8.073505656365528e-5
-7.097097097097098	8.130010665249255e-5
-7.077077077077077	8.187146004976607e-5
-7.057057057057058	8.244921696484142e-5
-7.037037037037038	8.303347977097558e-5
-7.017017017017018	8.362435306831246e-5
-6.996996996996998	8.422194374940513e-5
-6.976976976976977	8.482636106740631e-5
-6.956956956956957	8.543771670708045e-5
-6.936936936936938	8.605612485880285e-5
-6.916916916916918	8.668170229572436e-5
-6.896896896896898	8.731456845429431e-5
-6.876876876876877	8.795484551835188e-5
-6.856856856856857	8.860265850701216e-5
-6.836836836836838	8.925813536659431e-5
-6.816816816816818	8.992140706686045e-5
-6.796796796796798	9.059260770185805e-5
-6.776776776776777	9.127187459568686e-5
-6.756756756756757	9.195934841353968e-5
-6.736736736736738	9.26551732784022e-5
-6.716716716716718	9.335949689383298e-5
-6.696696696696698	9.407247067328773e-5
-6.676676676676677	9.479424987650013e-5
-6.656656656656657	9.552499375348325e-5
-6.636636636636637	9.626486569677726e-5
-6.616616616616618	9.701403340263617e-5
-6.596596596596598	9.777266904192323e-5
-6.576576576576577	9.854094944157139e-5
-6.556556556556557	9.931905627756443e-5
-6.536536536536537	0.00010010717628050623
-6.516516516516518	0.00010090550145497274
-6.496496496496498	0.00010171422931398876
-6.476476476476477	0.00010253356313013626
-6.456456456456457	0.0001033637122049947
-6.436436436436437	0.000104204892158831
-6.416416416416418	0.00010505732524271084
-6.396396396396398	0.00010592124067549337
-6.376376376376377	0.00010679687500850856
-6.356356356356357	0.00010768447252110447
-6.336336336336337	0.0001085842856507056
-6.316316316316315	0.00010949657546154633
-6.296296296296298	0.00011042161215685662
-6.276276276276277	0.00011135967563999361
-6.256256256256257	0.00011231105613084345
-6.236236236236237	0.00011327605484480759
-6.216216216216215	0.00011425498474283309
-6.1961961961961975	0.00011524817136231144
-6.176176176176177	0.0001162559537402779
-6.156156156156157	0.0001172786854422402
-6.136136136136137	0.00011831673571223576
-6.116116116116115	0.00011937049076239843
-6.0960960960960975	0.00012044035522353267
-6.076076076076077	0.00012152675378204016
-6.056056056056057	0.00012263013303315257
-6.036036036036037	0.0001237509635859907
-6.016016016016015	0.00012488974246267046
-5.995995995995996	0.00012604699584180427
-5.975975975975976	0.00012722328220661613
-5.955955955955956	0.0001284191959699113
-5.9359359359359365	0.00012963537166285
-5.915915915915915	0.00013087248879251057
-5.895895895895896	0.00013213127749543422
-5.875875875875876	0.00013341252514178467
-5.8558558558558556	0.00013471708407877453
-5.835835835835836	0.00013604588074437557
-5.815815815815815	0.00013739992643526706
-5.7957957957957955	0.0001387803300794175
-5.7757757757757755	0.00014018831344744112
-5.7557557557557555	0.00014162522934287226
-5.735735735735736	0.00014309258344632626
-5.715715715715715	0.00014459206066077908
-5.6956956956956954	0.00014612555702640657
-5.675675675675675	0.0001476952185589393
-5.655655655655655	0.0001493034887359409
-5.635635635635636	0.00015095316683877386
-5.6156156156156145	0.00015264747999226282
-5.595595595595595	0.00015439017258129367
-5.575575575575575	0.00015618561783559964
-5.555555555555555	0.00015803895786041812
-5.535535535535536	0.0001599562803908871
-5.5155155155155144	0.0001619448432580161
-5.495495495495495	0.0001640133612517782
-5.475475475475475	0.0001661723751491703
-5.455455455455455	0.00016843472971256527
-5.435435435435436	0.00017081619728253616
-5.415415415415414	0.0001733362973933995
-5.395395395395395	0.00017601938239352247
-5.375375375375375	0.00017889608695412427
-5.355355355355355	0.0001820052794363791
-5.335335335335336	0.00018539671102175897
-5.315315315315314	0.000189134642617847
-5.295295295295295	0.00019330285190338718
-5.275275275275275	0.00019801160050422414
-5.255255255255255	0.0002034073968842175
-5.235235235235236	0.0002096867505846345
-5.215215215215214	0.0002171155981068078
-5.195195195195195	0.00022605667016646717
-5.175175175175175	0.00023700760862695793
-5.155155155155155	0.0002506525863530651
-5.135135135135136	0.0002679279875716257
-5.115115115115114	0.0002900944315056491
-5.095095095095095	0.00031878409998668485
-5.075075075075075	0.00035593695691560264
-5.055055055055055	0.00040343250247877697
-5.035035035035036	0.00046209238153279407
-5.015015015015014	0.0005298069218255183
-4.994994994994995	0.0005994240529122851
-4.974974974974975	0.0006589004992690163
-4.954954954954955	0.0006963233574825601
-4.934934934934936	0.0007070686037412917
-4.914914914914914	0.000695770597992283
-4.894894894894895	0.000671649301900642
-4.874874874874875	0.0006430933432877807
-4.854854854854855	0.0006154531720109188
-4.834834834834836	0.0005913425981373257
-4.814814814814814	0.0005716595063804441
-4.794794794794795	0.0005564310810162608
-4.774774774774775	0.000545323204035655
-4.754754754754755	0.0005379012061130492
-4.734734734734736	0.0005337476887962689
-4.714714714714714	0.0005325079671921739
-4.694694694694695	0.0005339020545571293
-4.674674674674675	0.000537722720412156
-4.654654654654653	0.0005438288218589738
-4.634634634634636	0.0005521379802862597
-4.614614614614614	0.0005626202479783768
-4.594594594594595	0.0005752933104164202
-4.574574574574575	0.0005902193036591378
-4.554554554554553	0.0006075031512513805
-4.534534534534536	0.0006272922785655368
-4.514514514514514	0.0006497775675869802
-4.494494494494495	0.000675195436226994
-4.474474474474475	0.0007038309466923514
-4.454454454454453	0.0007360218591499308
-4.4344344344344355	0.000772163545167308
-4.414414414414414	0.0008127146563731222
-4.394394394394395	0.0008582034034123845
-4.374374374374375	0.0009092342338245147
-4.354354354354353	0.0009664945995287017
-4.3343343343343355	0.0010307613695972413
-4.314314314314314	0.0011029062673686644
-4.2942942942942945	0.001183899491175442
-4.2742742742742745	0.001274810419764622
-4.254254254254253	0.0013768040224617355
-4.234234234234235	0.0014911313226950319
-4.214214214214214	0.001619112057589238
-4.1941941941941945	0.0017621076210169505
-4.1741741741741745	0.0019214825881318386
-4.154154154154153	0.0020985537331163016
-4.134134134134135	0.0022945266026502403
-4.1141141141141135	0.002510421479502029
-4.094094094094094	0.00274699292918878
-4.074074074074074	0.003004649837001321
-4.054054054054053	0.0032833854291501622
-4.034034034034035	0.0035827285062107715
-4.014014014014013	0.0039017271639159093
-3.9939939939939944	0.004238973950179032
-3.9739739739739743	0.004592676511327215
-3.953953953953953	0.00496077088475285
-3.933933933933935	0.005341067075512931
-3.913913913913913	0.005731410279708736
-3.8938938938938943	0.006129837839597197
-3.8738738738738743	0.0065347127077777754
-3.853853853853853	0.006944818664492475
-3.833833833833835	0.007359409491329913
-3.813813813813813	0.007778211901299928
-3.7937937937937942	0.008201388506862943
-3.773773773773774	0.008629471349290579
-3.753753753753753	0.009063278206198302
-3.733733733733735	0.009503823410160747
-3.713713713713713	0.009952232986293098
-3.693693693693694	0.010409671333057197
-3.673673673673674	0.010877284043293868
-3.653653653653653	0.011356159158285606
-3.633633633633635	0.01184730730663
-3.6136136136136128	0.012351659788595553
-3.593593593593594	0.012870082640237415
-3.573573573573574	0.01340340395644741
-3.5535535535535527	0.013952451203441551
-3.533533533533535	0.014518094884022111
-3.5135135135135127	0.015101294740716493
-3.493493493493494	0.01570314471446115
-3.473473473473474	0.016324913135839555
-3.4534534534534527	0.016968075106016296
-3.433433433433435	0.017634334690111997
-3.4134134134134126	0.01832563533459268
-3.393393393393394	0.019044157754059328
-3.3733733733733735	0.019792305332744498
-3.3533533533533526	0.020572677787694987
-3.333333333333335	0.02138803440508237
-3.3133133133133126	0.022241248578627235
-3.293293293293294	0.02313525566613229
-3.2732732732732734	0.02407299637009818
-3.2532532532532525	0.025057357979895244
-3.2332332332332347	0.02609111591734234
-3.2132132132132125	0.027176878118711036
-3.193193193193194	0.02831703485452039
-3.1731731731731734	0.029513716599748028
-3.1531531531531525	0.0307687624667686
-3.1331331331331347	0.03208370143675407
-3.1131131131131125	0.03345974811192946
-3.0930930930930938	0.034897813922099626
-3.0730730730730733	0.036398533654159
-3.0530530530530524	0.037962305884792796
-3.0330330330330346	0.03958934449352712
-3.0130130130130124	0.04127973707588072
-2.9929929929929937	0.043033504957083926
-2.9729729729729732	0.04485065882082637
-2.9529529529529523	0.04673124387756607
-2.9329329329329346	0.048675369100559855
-2.9129129129129123	0.050683216363413275
-2.8928928928928936	0.052755027231797716
-2.872872872872873	0.054891067516128544
-2.8528528528528523	0.057091572236454925
-2.8328328328328345	0.059356676103883725
-2.8128128128128123	0.06168633669760957
-2.7927927927927936	0.06408025894969005
-2.772772772772773	0.06653783012509798
-2.752752752752752	0.06905807405430364
-2.7327327327327318	0.07163963187993136
-2.712712712712712	0.0742807740665918
-2.6926926926926935	0.07697944506966065
-2.672672672672673	0.07973333817678034
-2.652652652652652	0.08253999406471486
-2.6326326326326317	0.08539691308420737
-2.612612612612612	0.08830166875105494
-2.5925925925925934	0.09125200887052344
-2.572572572572573	0.09424593147732553
-2.552552552552552	0.09728172540957591
-2.5325325325325316	0.10035796963438381
-2.512512512512512	0.10347349090177171
-2.4924924924924934	0.1066272851958807
-2.472472472472473	0.10981841393180213
-2.452452452452452	0.11304589007175285
-2.4324324324324316	0.11630857159282258
-2.412412412412412	0.11960507955084877
-2.3923923923923933	0.12293375518416207
-2.372372372372373	0.12629266528103794
-2.352352352352352	0.12967965796558809
-2.3323323323323315	0.13309246305675895
-2.312312312312312	0.13652882340833428
-2.2922922922922933	0.13998663744844467
-2.272272272272273	0.14346408972290164
-2.252252252252252	0.14695974649993013
-2.2322322322322314	0.15047259775705593
-2.212212212212212	0.15400203478728774
-2.192192192192193	0.15754776315203728
-2.1721721721721727	0.16110966209617106
-2.152152152152152	0.16468761181303027
-2.1321321321321314	0.16828131710104055
-2.112112112112112	0.17189015836540972
-2.0920920920920913	0.1755130976766335
-2.0720720720720727	0.17914865874570665
-2.0520520520520518	0.1827949863304035
-2.0320320320320313	0.18644997489079293
-2.0120120120120117	0.19011144119105058
-1.9919919919919913	0.1937773042472056
-1.9719719719719722	0.19744573147239025
-1.9519519519519521	0.20111521394505508
-1.9319319319319312	0.204784546600881
-1.9119119119119112	0.20845270896586682
-1.8918918918918912	0.21211866501860313
-1.871871871871872	0.21578112180262915
-1.851851851851852	0.2194383001608856
-1.8318318318318312	0.22308777311158307
-1.8118118118118112	0.22672641585817918
-1.7917917917917912	0.23035048730904664
-1.771771771771772	0.2339558308177309
-1.751751751751752	0.23753814913020224
-1.7317317317317311	0.24109328422447224
-1.711711711711711	0.24461742505816764
-1.691691691691691	0.24810717999079993
-1.671671671671672	0.2515594849577668
-1.651651651651652	0.2549713659123257
-1.631631631631631	0.2583396216938382
-1.611611611611611	0.26166052605903856
-1.591591591591591	0.26492965212672
-1.571571571571572	0.268141893019226
-1.551551551551551	0.27129169369599787
-1.531531531531531	0.2743734367596681
-1.511511511511511	0.277381863290899
-1.491491491491491	0.28031238335254466
-1.4714714714714718	0.2831611559236867
-1.451451451451451	0.28592489369242746
-1.431431431431431	0.28860045250011723
-1.411411411411411	0.2911843600342514
-1.391391391391391	0.293672481772464
-1.3713713713713718	0.29605998635600395
-1.3513513513513509	0.29834165942628377
-1.3313313313313309	0.3005124623542344
-1.3113113113113108	0.30256810496628533
-1.2912912912912908	0.3045053659653315
-1.2712712712712717	0.3063219863532328
-1.2512512512512508	0.30801615665302845
-1.2312312312312308	0.3095858342865731
-1.2112112112112108	0.3110282496399209
-1.1911911911911908	0.31233990190560734
-1.1711711711711716	0.3135171067090739
-1.1511511511511507	0.3145568422295118
-1.1311311311311307	0.3154574259131373
-1.1111111111111107	0.3162185953612179
-1.0910910910910907	0.31684089003337346
-1.0710710710710716	0.31732467698882527
-1.0510510510510507	0.3176694522494126
-1.0310310310310307	0.31787394249535755
-1.0110110110110107	0.3179370247901901
-0.9909909909909906	0.3178588713630311
-0.9709709709709715	0.3176414643898559
-0.9509509509509506	0.31728799854026635
-0.9309309309309306	0.31680152714491
-0.9109109109109106	0.3161838974857181
-0.8908908908908906	0.3154359214460286
-0.8708708708708714	0.31455875379931825
-0.8508508508508505	0.3135553187689124
-0.8308308308308305	0.3124303983947186
-0.8108108108108105	0.31118910977035846
-0.7907907907907905	0.3098351081532443
-0.7707707707707714	0.3083703505348709
-0.7507507507507505	0.30679682812845577
-0.7307307307307305	0.3051185018368009
-0.7107107107107105	0.30334114562211834
-0.6906906906906904	0.3014699637170114
-0.6706706706706713	0.29950761564557504
-0.6506506506506504	0.29745518236283375
-0.6306306306306304	0.29531506959106063
-0.6106106106106104	0.293091976905944
-0.5905905905905904	0.2907901930637597
-0.5705705705705713	0.2884106668490552
-0.5505505505505504	0.285952254364892
-0.5305305305305303	0.28341564491925286
-0.5105105105105103	0.2808037899020723
-0.4904904904904903	0.27811760125508816
-0.4704704704704712	0.2753539249980893
-0.4504504504504503	0.27250992911173255
-0.4304304304304303	0.26958662588460575
-0.41041041041041026	0.26658471327681366
-0.39039039039039025	0.26350053426164227
-0.3703703703703711	0.26033132193616604
-0.3503503503503502	0.2570803046181856
-0.3303303303303302	0.2537508558316078
-0.3103103103103102	0.2503428636747067
-0.2902902902902902	0.2468616908563537
-0.2702702702702702	0.24331978105093116
-0.25025025025025016	0.23972582593465067
-0.23023023023023015	0.23608888158380195
-0.21021021021021014	0.2324265793846447
-0.19019019019019012	0.2287498635243662
-0.1701701701701701	0.2250613711333665
-0.1501501501501501	0.22136817484175944
-0.13013013013013008	0.2176613489050893
-0.11011011011011007	0.21392466653836303
-0.09009009009009006	0.21015545413240205
-0.07007007007007005	0.2063422833734596
-0.05005005005005003	0.20251440830801704
-0.03003003003003002	0.19869249364489072
-0.010010010010010006	0.19489120988398215
0.010010010010010006	0.19106668732809057
0.03003003003003002	0.1872293559184188
0.05005005005005003	0.1834263244722686
0.07007007007007005	0.17964041725950688
0.09009009009009006	0.1758525311246156
0.11011011011011007	0.17204668077615717
0.13013013013013008	0.16824198015828165
0.1501501501501501	0.16445470443157575
0.1701701701701701	0.16070676768033873
0.19019019019019012	0.15701005541740742
0.21021021021021014	0.15336432938085467
0.23023023023023015	0.14976700231267365
0.25025025025025016	0.146209052783439
0.2702702702702702	0.14267972286977704
0.2902902902902902	0.1391722162297656
0.3103103103103102	0.1356806655908917
0.3303303303303302	0.13220109640896616
0.3503503503503502	0.1287343237254379
0.37037037037037024	0.1252834243758116
0.39039039039039025	0.12185193518523624
0.41041041041041026	0.11844561698632798
0.4304304304304303	0.11507214674416016
0.4504504504504503	0.11173859275743969
0.4704704704704703	0.10845122838997304
0.4904904904904903	0.10521699682196663
0.5105105105105103	0.1020430488477244
0.5305305305305303	0.09893501608792565
0.5505505505505504	0.09589693713402529
0.5705705705705704	0.0929326044495374
0.5905905905905904	0.09004589296825963
0.6106106106106104	0.08723965264230328
0.6306306306306304	0.08451502279056904
0.6506506506506504	0.08187218028995907
0.6706706706706704	0.07931141703656562
0.6906906906906922	0.0768331758926085
0.7107107107107105	0.0744372105654309
0.7307307307307305	0.07212208217293395
0.7507507507507505	0.06988561989561824
0.7707707707707705	0.06772577852254374
0.7907907907907923	0.06564097082926355
0.8108108108108105	0.06362963511811409
0.8308308308308305	0.061689601175789886
0.8508508508508505	0.05981792881640964
0.8708708708708706	0.05801135636407469
0.8908908908908924	0.056266936558547
0.9109109109109106	0.05458234503956032
0.9309309309309306	0.05295569710712401
0.9509509509509506	0.05138512297991169
0.9709709709709706	0.04986849405715971
0.9909909909909924	0.04840351555236717
1.0110110110110107	0.04698810170819156
1.0310310310310307	0.04562076252006362
1.0510510510510507	0.044300756321197496
1.0710710710710707	0.04302793890519532
1.0910910910910925	0.04180242574276412
1.1111111111111107	0.040624266679564015
1.1311311311311307	0.03949328799348337
1.1511511511511507	0.03840913858878248
1.1711711711711708	0.037371465170172966
1.1911911911911925	0.03638009119263122
1.2112112112112108	0.03543509643906567
1.2312312312312308	0.03453676098458223
1.2512512512512508	0.033685407800540294
1.2712712712712708	0.03288122000205519
1.2912912912912926	0.032124110422547314
1.3113113113113108	0.031413691450184855
1.3313313313313309	0.03074935093578075
1.3513513513513509	0.030130404060011842
1.3713713713713709	0.029556272474810904
1.3913913913913927	0.02902664283500764
1.411411411411411	0.028541572042855113
1.431431431431431	0.028101527876912665
1.451451451451451	0.02770737316115312
1.471471471471471	0.027360313925443344
1.4914914914914927	0.027061835394984454
1.511511511511511	0.026813645543688567
1.531531531531531	0.02661763757537493
1.551551551551551	0.02647587355900215
1.571571571571571	0.026390584193264285
1.5915915915915928	0.02636417562574152
1.611611611611611	0.02639923345806564
1.631631631631631	0.026498515743178273
1.651651651651651	0.026664929790118815
1.671671671671671	0.02690149086767757
1.6916916916916929	0.0272112636859921
1.711711711711711	0.027597289474890947
1.7317317317317311	0.028062502556385732
1.7517517517517511	0.028609640736652415
1.7717717717717711	0.02924115391012417
1.791791791791793	0.029959115221740364
1.8118118118118112	0.03076513909988966
1.8318318318318312	0.03166031043584721
1.8518518518518512	0.03264512901053202
1.8718718718718712	0.03371947276221146
1.891891891891893	0.03488258247483165
1.9119119119119112	0.036133068869761004
1.9319319319319312	0.03746894098512586
1.9519519519519513	0.0388876523857309
1.971971971971973	0.04038615956882728
1.991991991991993	0.04196098538672584
2.0120120120120117	0.0436082798125094
2.0320320320320313	0.04532387117036158
2.0520520520520513	0.0471033030149639
2.072072072072073	0.04894185486675205
2.092092092092093	0.05083454844939231
2.112112112112112	0.0527761442705497
2.1321321321321314	0.054761135699517474
2.1521521521521514	0.05678374865060268
2.172172172172173	0.05883795436545599
2.192192192192193	0.060917500689730585
2.212212212212212	0.06301596403219283
2.2322322322322314	0.06512682046186241
2.2522522522522515	0.06724353082654634
2.2722722722722732	0.06935963202268579
2.2922922922922933	0.07146882511878212
2.312312312312312	0.07356505119202798
2.3323323323323315	0.07564254744327784
2.3523523523523515	0.07769587908766275
2.3723723723723733	0.07971994613984258
2.3923923923923933	0.08170996788187776
2.412412412412412	0.08366145089648774
2.4324324324324316	0.08557014858079003
2.4524524524524516	0.0874320207473894
2.4724724724724734	0.08924320123292609
2.4924924924924934	0.09099997955542945
2.512512512512512	0.09269879995113751
2.5325325325325316	0.09433627804072317
2.5525525525525516	0.09590923240975895
2.5725725725725734	0.09741472597524672
2.5925925925925934	0.09885011047732885
2.612612612612612	0.10021306696298805
2.6326326326326317	0.10150163573181116
2.6526526526526517	0.1027142307504873
2.6726726726726735	0.10384963574299154
2.6926926926926935	0.10490698167801842
2.712712712712712	0.10588570783215923
2.7327327327327318	0.10678551066837681
2.7527527527527518	0.1076062861767156
2.7727727727727736	0.10834807193002079
2.7927927927927936	0.10901099488361622
2.8128128128128123	0.1095952299772565
2.832832832832832	0.1101009730511352
2.852852852852852	0.11052842969315155
2.8728728728728736	0.1108778196432628
2.8928928928928936	0.11114939453580482
2.9129129129129123	0.11134346527093807
2.932932932932932	0.111460434326316
2.952952952952952	0.1115008279370691
2.9729729729729737	0.11146532330129087
2.9929929929929937	0.11135476675432866
3.0130130130130124	0.11117018008263803
3.033033033033032	0.11091275365635307
3.053053053053052	0.11058382666454097
3.0730730730730738	0.11018485625243929
3.0930930930930938	0.10971737862032967
3.1131131131131125	0.109182966021936
3.133133133133132	0.10858318401932338
3.153153153153154	0.10791955328886539
3.173173173173174	0.10719351975886132
3.193193193193194	0.10640643596795223
3.2132132132132125	0.10555955537131596
3.233233233233232	0.10465404001475953
3.253253253253254	0.10369098067763696
3.273273273273274	0.10267142738085094
3.293293293293294	0.10159642717733582
3.3133133133133126	0.10046706547687391
3.333333333333332	0.09928450686219092
3.353353353353354	0.09805003145178871
3.373373373373374	0.0967650633430543
3.393393393393394	0.09543118847722015
3.4134134134134126	0.0940501603245218
3.433433433433432	0.09262389298815035
3.453453453453454	0.09115444255062836
3.473473473473474	0.08964397861623122
3.493493493493494	0.08809474892978683
3.5135135135135127	0.08650904059004477
3.5335335335335323	0.08488914166997831
3.553553553553554	0.08323730698688862
3.573573573573574	0.08155573134668358
3.593593593593594	0.07984653286479046
3.6136136136136128	0.0781117480109643
3.6336336336336323	0.07635333892381933
3.653653653653654	0.07457321238946818
3.673673673673674	0.07277324877530192
3.693693693693694	0.07095533824826437
3.713713713713713	0.06912142087012109
3.7337337337337324	0.06727352671736067
3.753753753753754	0.06541381206626241
3.773773773773774	0.06354458793349294
3.7937937937937942	0.06166833785790883
3.813813813813813	0.059787722705902165
3.8338338338338325	0.057905571405010944
3.8538538538538543	0.05602485775686206
3.8738738738738743	0.05414866473226858
3.8938938938938943	0.0522801387859817
3.913913913913913	0.050422437634040015
3.9339339339339325	0.04857867552450724
3.9539539539539543	0.046751870248430354
3.9739739739739743	0.0449448959672053
3.9939939939939944	0.043160445399333024
4.014014014014013	0.041401004071283554
4.034034034034033	0.03966883827558561
4.054054054054054	0.037965997189823325
4.074074074074074	0.036294328392344165
4.094094094094094	0.03465550486001398
4.114114114114113	0.03305106053768609
4.134134134134133	0.031482430804488176
4.1541541541541545	0.02995099369201235
4.1741741741741745	0.028458107582029234
4.1941941941941945	0.027005141354770754
4.214214214214213	0.02559349357542644
4.234234234234233	0.024224598265450006
4.2542542542542545	0.02289991603720889
4.2742742742742745	0.021620910766726033
4.2942942942942945	0.02038901339847548
4.314314314314313	0.01920557575969244
4.334334334334333	0.018071818255714245
4.354354354354355	0.016988775899272956
4.374374374374375	0.015957247225490006
4.394394394394395	0.014977750258109462
4.414414414414413	0.014050488887432417
4.434434434434436	0.013175331918901334
4.454454454454455	0.012351805808818284
4.474474474474475	0.01157910088056687
4.494494494494495	0.010856089749634812
4.514514514514513	0.010181355876469506
4.5345345345345365	0.009553229660913357
4.554554554554555	0.008969829290743313
4.574574574574575	0.008429103621453833
4.594594594594595	0.007928874632388158
4.614614614614613	0.007466877403543805
4.6346346346346365	0.007040796018735763
4.654654654654655	0.0066482942668170415
4.674674674674675	0.006287040442292698
4.694694694694695	0.005954725916664943
4.714714714714713	0.005649077455780591
4.734734734734737	0.00536786350471632
4.754754754754755	0.005108894871250902
4.774774774774775	0.004870020443273319
4.794794794794795	0.0046491188149936705
4.814814814814813	0.004444087018573197
4.834834834834837	0.004252828010751642
4.854854854854855	0.004073239189147066
4.874874874874875	0.003903205023551486
4.894894894894895	0.003740597836217862
4.914914914914913	0.0035832916939895496
4.934934934934937	0.0034291949574321114
4.954954954954955	0.0032763067296734884
4.974974974974975	0.0031228005384621635
4.994994994994995	0.002967134343092218
5.015015015015013	0.002808179058890323
5.035035035035037	0.0026453489172650513
5.055055055055055	0.0024787083645734487
5.075075075075075	0.002309025603887902
5.095095095095095	0.0021377463956386545
5.115115115115113	0.0019668754629491208
5.135135135135137	0.0017987745597466045
5.155155155155155	0.0016359089529865512
5.175175175175175	0.0014805887304123124
5.195195195195195	0.0013347517483712416
5.215215215215213	0.0011998213681071821
5.235235235235237	0.001076650719395653
5.255255255255255	0.0009655446779565672
5.275275275275275	0.0008663374351429984
5.295295295295295	0.0007784994080913343
5.315315315315313	0.0007012504032740969
5.335335335335337	0.0006336628658760939
5.355355355355355	0.0005747464995171008
5.375375375375375	0.0005235115729059847
5.395395395395395	0.00047901217153318025
5.4154154154154135	0.0004403726726685291
5.435435435435437	0.0004068013485561873
5.455455455455455	0.00037759479574851426
5.475475475475475	0.0003521362875043236
5.495495495495495	0.00032989043657877487
5.515515515515514	0.0003103958932669956
5.535535535535537	0.00029325725484920207
5.555555555555555	0.0002781369418673881
5.575575575575575	0.00026474749212867436
5.595595595595595	0.00025284451331102314
5.615615615615614	0.0002422203967373514
5.635635635635637	0.00023269880828908376
5.655655655655655	0.00022412992162239631
5.675675675675675	0.0002163863318989123
5.6956956956956954	0.00020935957659761308
5.715715715715717	0.00020295718772142272
5.735735735735737	0.00019710020288463544
5.7557557557557555	0.00019172106878576254
5.7757757757757755	0.00018676187781123472
5.7957957957957955	0.00018217288599834484
5.815815815815817	0.00017791126775248714
5.835835835835837	0.00017394006927532222
5.8558558558558556	0.00017022732849521674
5.875875875875876	0.0001667453343771071
5.895895895895896	0.00016347000285962107
5.915915915915917	0.0001603803503852215
5.935935935935937	0.00015745804912830025
5.955955955955956	0.0001546870506622085
5.975975975975976	0.0001520532670111124
5.995995995995996	0.00014954429987165758
6.016016016016017	0.00014714921032048998
6.0360360360360374	0.00014485832259678627
6.056056056056057	0.00014266305660684807
6.076076076076077	0.0001405557846767404
6.096096096096095	0.0001385297088092782
6.1161161161161175	0.00013657875530879703
6.1361361361361375	0.00013469748414221948
6.156156156156157	0.00013288101082544487
6.176176176176177	0.00013112493897461205
6.196196196196195	0.00012942530195425816
6.216216216216218	0.00012777851229877634
6.236236236236238	0.00012618131778803856
6.256256256256257	0.0001246307632293451
6.276276276276277	0.00012312415714161234
6.296296296296295	0.00012165904265849521
6.316316316316318	0.00012023317206880591
6.336336336336338	0.0001188444844983001
6.356356356356357	0.00011749108630925148
6.376376376376377	0.0001161712338554424
6.396396396396395	0.00011488331828202361
6.416416416416418	0.00011362585210367534
6.436436436436438	0.00011239745733187658
6.456456456456457	0.00011119685495388843
6.476476476476477	0.0001100228555931839
6.496496496496495	0.0001088743512042039
6.516516516516518	0.00010775030767412117
6.536536536536538	0.00010664975822126116
6.556556556556557	0.00010557179749437136
6.576576576576577	0.0001045155762894434
6.596596596596595	0.00010348029681154558
6.616616616616618	0.00010246520841839818
6.636636636636638	0.00010146960379043246
6.656656656656657	0.00010049281547898618
6.676676676676677	9.95342127902879e-5
6.696696696696695	9.859319896806957e-5
6.716716716716718	9.766920864215825e-5
6.736736736736738	9.676170551432157e-5
6.756756756756757	9.587018025604956e-5
6.776776776776777	9.499414859593958e-5
6.796796796796795	9.413314957694503e-5
6.816816816816818	9.328674396602302e-5
6.836836836836838	9.245451280070779e-5
6.856856856856857	9.163605605887643e-5
6.876876876876877	9.08309914395113e-5
6.896896896896898	9.003895324360446e-5
6.916916916916918	8.925959134553709e-5
6.936936936936938	8.849257024630981e-5
6.956956956956957	8.773756820092304e-5
6.976976976976977	8.699427641301836e-5
6.996996996996998	8.626239829061454e-5
7.017017017017018	8.55416487574081e-5
7.037037037037038	8.483175361467456e-5
7.057057057057057	8.413244894930984e-5
7.077077077077077	8.344348058399633e-5
7.097097097097098	8.27646035658769e-5
7.117117117117118	8.209558169047365e-5
7.137137137137138	8.143618705790408e-5
7.157157157157157	8.07861996587306e-5
7.177177177177177	8.014540698703004e-5
7.197197197197198	7.951360367849763e-5
7.217217217217218	7.889059117160062e-5
7.237237237237238	7.82761773899794e-5
7.257257257257257	7.767017644445717e-5
7.277277277277277	7.70724083531655e-5
7.297297297297298	7.64826987784254e-5
7.317317317317318	7.590087877914254e-5
7.337337337337338	7.532678457758267e-5
7.357357357357357	7.476025733949023e-5
7.377377377377377	7.420114296660069e-5
7.397397397397398	7.364929190067693e-5
7.417417417417418	7.310455893827112e-5
7.437437437437438	7.256680305547914e-5
7.4574574574574575	7.203588724201411e-5
7.4774774774774775	7.151167834397856e-5
7.497497497497498	7.099404691476429e-5
7.517517517517518	7.048286707355333e-5
7.537537537537538	6.997801637093351e-5
7.5575575575575575	6.947937566118031e-5
7.5775775775775776	6.898682898078902e-5
7.5975975975975985	6.850026343287344e-5
7.6176176176176185	6.801956907707468e-5
7.6376376376376385	6.75446388246498e-5
7.657657657657658	6.707536833843429e-5
7.677677677677678	6.661165593739301e-5
7.6976976976976985	6.61534025054956e-5
7.7177177177177185	6.570051140466926e-5
7.7377377377377385	6.525288839160009e-5
7.757757757757758	6.481044153816861e-5
7.777777777777778	6.437308115532031e-5
7.797797797797799	6.394071972018461e-5
7.817817817817819	6.351327180626833e-5
7.837837837837839	6.309065401656052e-5
7.857857857857858	6.267278491939666e-5
7.877877877877878	6.225958498693915e-5
7.897897897897899	6.185097653614051e-5
7.917917917917919	6.144688367206355e-5
7.937937937937939	6.104723223344078e-5
7.957957957957958	6.06519497403625e-5
7.977977977977978	6.02609653439891e-5
7.997997997997999	5.987420977819034e-5
8.018018018018019	5.9491615313018694e-5
8.038038038038039	5.911311570993048e-5
8.058058058058059	5.873864617867278e-5
8.078078078078079	5.8368143335758824e-5
8.098098098098099	5.800154516445935e-5
8.118118118118119	5.763879097624066e-5
8.138138138138139	5.7279821373584814e-5
8.158158158158159	5.6924578214130106e-5
8.178178178178179	5.657300457607397e-5
8.198198198198199	5.6225044724783e-5
8.218218218218219	5.5880644080558134e-5
8.238238238238239	5.553974918750546e-5
8.258258258258259	5.5202307683465767e-5
8.278278278278279	5.4868268270958464e-5
8.298298298298299	5.4537580689097545e-5
8.318318318318319	5.4210195686439686e-5
8.338338338338339	5.3886064994726146e-5
8.358358358358359	5.356514130348248e-5
8.378378378378379	5.324737823544146e-5
8.398398398398399	5.293273032275665e-5
8.418418418418419	5.262115298397507e-5
8.438438438438439	5.23126025017396e-5
8.458458458458459	5.200703600119269e-5
8.478478478478479	5.170441142905417e-5
8.498498498498499	5.1404687533347763e-5
8.518518518518519	5.11078238437515e-5
8.538538538538539	5.081378065254861e-5
8.558558558558559	5.0522518996156586e-5
8.578578578578579	5.0234000637213034e-5
8.598598598598599	4.99481880471977e-5
8.618618618618619	4.966504438957134e-5
8.63863863863864	4.9384533503412705e-5
8.65865865865866	4.910661988753556e-5
8.67867867867868	4.883126868506896e-5
8.6986986986987	4.855844566848407e-5
8.71871871871872	4.828811722505205e-5
8.73873873873874	4.802025034271795e-5
8.75875875875876	4.7754812596376056e-5
8.77877877877878	4.749177213453309e-5
8.7987987987988	4.72310976663458e-5
8.81881881881882	4.697275844902042e-5
8.83883883883884	4.671672427556168e-5
8.85885885885886	4.646296546285972e-5
8.87887887887888	4.6211452840103586e-5
8.8988988988989	4.596215773751067e-5
8.91891891891892	4.571505197536155e-5
8.93893893893894	4.54701078533303e-5
8.95895895895896	4.5227298140100816e-5
8.97897897897898	4.498659606325975e-5
8.998998998999	4.474797529945732e-5
9.01901901901902	4.4511409964827454e-5
9.03903903903904	4.4276874605658934e-5
9.05905905905906	4.404434418930985e-5
9.07907907907908	4.3813794095357615e-5
9.0990990990991	4.35852001069772e-5
9.11911911911912	4.335853840254063e-5
9.13913913913914	4.313378554743088e-5
9.15915915915916	4.2910918486063614e-5
9.17917917917918	4.268991453411048e-5
9.1991991991992	4.247075137091786e-5
9.21921921921922	4.225340703211515e-5
9.23923923923924	4.203785990240702e-5
9.25925925925926	4.182408870854404e-5
9.27927927927928	4.161207251246652e-5
9.2992992992993	4.140179070461642e-5
9.31931931931932	4.119322299741237e-5
9.33933933933934	4.0986349418883134e-5
9.35935935935936	4.078115030645488e-5
9.37937937937938	4.0577606300887827e-5
9.3993993993994	4.037569834035804e-5
9.41941941941942	4.017540765468012e-5
9.43943943943944	3.9976715759666934e-5
9.45945945945946	3.977960445162242e-5
9.47947947947948	3.958405580196373e-5
9.4994994994995	3.9390052151969186e-5
9.51951951951952	3.919757610764846e-5
9.53953953953954	3.900661053473154e-5
9.55955955955956	3.881713855377347e-5
9.57957957957958	3.862914353537132e-5
9.5995995995996	3.844260909549063e-5
9.61961961961962	3.825751909089823e-5
9.63963963963964	3.8073857614698536e-5
9.65965965965966	3.7891608991970595e-5
9.67967967967968	3.771075777550312e-5
9.6996996996997	3.7531288741625035e-5
9.71971971971972	3.735318688612879e-5
9.73973973973974	3.7176437420284175e-5
9.75975975975976	3.700102576694016e-5
9.77977977977978	3.682693755671249e-5
9.7997997997998	3.665415862425479e-5
9.81981981981982	3.648267500461097e-5
9.83983983983984	3.631247292964696e-5
9.85985985985986	3.6143538824559565e-5
9.87987987987988	3.597585930446057e-5
9.8998998998999	3.5809421171034154e-5
9.91991991991992	3.564421140926575e-5
9.93993993993994	3.548021718424053e-5
9.95995995995996	3.531742583800976e-5
9.97997997997998	3.515582488652339e-5
10.0	3.4995402016627087e-5
