-5.0	1.4867195147342979e-6
-4.98998998998999	1.5629451759545646e-6
-4.97997997997998	1.6429143776209077e-6
-4.96996996996997	1.726802225602747e-6
-4.95995995995996	1.8147915680031394e-6
-4.94994994994995	1.9070733153312075e-6
-4.93993993993994	2.0038467728640893e-6
-4.92992992992993	2.1053199856146367e-6
-4.91991991991992	2.211710096333239e-6
-4.90990990990991	2.3232437169845257e-6
-4.8998998998999	2.440157314152359e-6
-4.88988988988989	2.5626976088394264e-6
-4.87987987987988	2.691121991140962e-6
-4.86986986986987	2.825698950285607e-6
-4.85985985985986	2.9667085205500707e-6
-4.84984984984985	3.1144427435683705e-6
-4.83983983983984	3.269206147570631e-6
-4.82982982982983	3.4313162441010406e-6
-4.81981981981982	3.6011040427793162e-6
-4.80980980980981	3.778914584685238e-6
-4.7997997997998	3.9651074949611e-6
-4.78978978978979	4.160057555242689e-6
-4.77977977977978	4.3641552965451725e-6
-4.76976976976977	4.577807613246672e-6
-4.75975975975976	4.801438398828609e-6
-4.74974974974975	5.0354892040487905e-6
-4.73973973973974	5.280419918240034e-6
-4.72972972972973	5.536709474444599e-6
-4.71971971971972	5.804856579112089e-6
-4.70970970970971	6.085380467106363e-6
-4.6996996996997	6.378821682784907e-6
-4.68968968968969	6.685742887932589e-6
-4.67967967967968	7.006729697350161e-6
-4.66966966966967	7.342391542916562e-6
-4.65965965965966	7.693362566963276e-6
-4.64964964964965	8.060302545818064e-6
-4.63963963963964	8.44389784439499e-6
-4.62962962962963	8.844862402727114e-6
-4.61961961961962	9.263938755358373e-6
-4.60960960960961	9.701899084530991e-6
-4.5995995995996	1.0159546308125239e-5
-4.58958958958959	1.0637715203328493e-5
-4.57957957957958	1.113727356703151e-5
-4.56956956956957	1.1659123413970254e-5
-4.55955955955956	1.2204202213652822e-5
-4.54954954954955	1.2773484167131629e-5
-4.53953953953954	1.3367981524702597e-5
-4.52952952952953	1.398874594563419e-5
-4.51951951951952	1.4636869901050072e-5
-4.50950950950951	1.5313488121111463e-5
-4.4994994994995	1.6019779087665834e-5
-4.48948948948949	1.6756966573550372e-5
-4.47947947947948	1.752632122976078e-5
-4.46946946946947	1.832916222171639e-5
-4.45945945945946	1.9166858915875072e-5
-4.44944944944945	2.0040832617972474e-5
-4.43943943943944	2.095255836418134e-5
-4.42942942942943	2.1903566766508593e-5
-4.41941941941942	2.289544591376843e-5
-4.40940940940941	2.3929843329491493e-5
-4.3993993993994	2.5008467988150235e-5
-4.38938938938939	2.6133092391102312e-5
-4.37937937937938	2.7305554703673704e-5
-4.36936936936937	2.8527760954824143e-5
-4.35935935935936	2.9801687300856742e-5
-4.34934934934935	3.1129382354654245e-5
-4.33933933933934	3.2512969581943714e-5
-4.32932932932933	3.3954649766109245e-5
-4.31931931931932	3.5456703543093535e-5
-4.3093093093093096	3.7021494007944656e-5
-4.2992992992992995	3.8651469394583444e-5
-4.2892892892892895	4.034916583038524e-5
-4.2792792792792795	4.2117210167183925e-5
-4.2692692692692695	4.395832289032471e-5
-4.2592592592592595	4.587532110740675e-5
-4.2492492492492495	4.787112161837096e-5
-4.2392392392392395	4.99487440686039e-5
-4.2292292292292295	5.2111314186740755e-5
-4.2192192192192195	5.43620671088645e-5
-4.2092092092092095	5.6704350790808075e-5
-4.1991991991991995	5.9141629510279606e-5
-4.1891891891891895	6.167748746053908e-5
-4.1791791791791795	6.4315632437365e-5
-4.1691691691691695	6.705989962105581e-5
-4.1591591591591595	6.99142554552202e-5
-4.1491491491491495	7.288280162411435e-5
-4.1391391391391394	7.596977913028805e-5
-4.129129129129129	7.917957247430858e-5
-4.119119119119119	8.251671393832852e-5
-4.109109109109109	8.598588797526645e-5
-4.099099099099099	8.959193570537117e-5
-4.089089089089089	9.333985952193218e-5
-4.079079079079079	9.723482780790063e-5
-4.069069069069069	0.00010128217976517728
-4.059059059059059	0.00010548743035831564
-4.049049049049049	0.00010985627537438261
-4.039039039039039	0.00011439459660070622
-4.029029029029029	0.00011910846712222867
-4.019019019019019	0.00012400415674016654
-4.009009009009009	0.00012908813751366692
-3.9989989989989994	0.000134367089426128
-3.9889889889889893	0.000139847906177829
-3.9789789789789793	0.00014553770110650033
-3.9689689689689693	0.0001514438132374289
-3.9589589589589593	0.00015757381346467387
-3.9489489489489493	0.00016393551086493638
-3.9389389389389393	0.00017053695914559335
-3.9289289289289293	0.00017738646322837222
-3.9189189189189193	0.00018449258597010427
-3.9089089089089093	0.0001918641550219569
-3.8988988988988993	0.00019951026982850093
-3.8888888888888893	0.00020744030876792028
-3.8788788788788793	0.00021566393643463093
-3.8688688688688693	0.00022419111106551488
-3.8588588588588593	0.0002330320921109271
-3.8488488488488493	0.00024219744795157412
-3.8388388388388393	0.0002516980637622996
-3.8288288288288292	0.00026154514952375196
-3.8188188188188192	0.00027175024818283975
-3.8088088088088092	0.0002823252439628062
-3.7987987987987992	0.00029328237082369165
-3.788788788788789	0.00030463422107385705
-3.778778778778779	0.0003163937541331769
-3.768768768768769	0.00032857430544841655
-3.758758758758759	0.00034118959556122023
-3.748748748748749	0.0003542537393290459
-3.738738738738739	0.00036778125529928537
-3.728728728728729	0.00038178707523670995
-3.718718718718719	0.0003962865538042735
-3.708708708708709	0.0004112954783971987
-3.698698698698699	0.0004268300791301634
-3.688688688688689	0.0004429070389772794
-3.678678678678679	0.00045954350406444516
-3.668668668668669	0.00047675709411351886
-3.658658658658659	0.000494565913037639
-3.648648648648649	0.0005129885596868767
-3.6386386386386387	0.0005320441387432778
-3.628628628628629	0.0005517522717641884
-3.618618618618619	0.0005721331083726564
-3.608608608608609	0.0005932073375934776
-3.598598598598599	0.0006149961993333812
-3.5885885885885886	0.0006375214960036303
-3.578578578578579	0.000660805604283163
-3.568568568568569	0.0006848714870202652
-3.558558558558559	0.0007097427052705204
-3.548548548548549	0.0007354434304686859
-3.5385385385385386	0.0007619984567318983
-3.528528528528529	0.0007894332132914549
-3.518518518518519	0.0008177737770502308
-3.508508508508509	0.0008470468852625585
-3.498498498498499	0.0008772799483332424
-3.4884884884884886	0.0009085010627321479
-3.4784784784784786	0.0009407390240205852
-3.468468468468469	0.0009740233399855434
-3.458458458458459	0.0010083842438775384
-3.448448448448449	0.0010438527077476724
-3.4384384384384385	0.0010804604558792596
-3.4284284284284285	0.0011182399783091301
-3.418418418418419	0.0011572245444335014
-3.408408408408409	0.0011974482166930624
-3.398398398398399	0.0012389458643316494
-3.3883883883883885	0.0012817531772227068
-3.3783783783783785	0.0013259066797573873
-3.368368368368369	0.001371443744787974
-3.358358358358359	0.0014184026076199882
-3.348348348348349	0.0014668223800460944
-3.3383383383383385	0.0015167430644146987
-3.3283283283283285	0.0015682055677257688
-3.3183183183183185	0.0016212517157462609
-3.308308308308309	0.0016759242671371072
-3.298298298298299	0.0017322669275836014
-3.2882882882882885	0.0017903243639205966
-3.2782782782782784	0.0018501422182437375
-3.2682682682682684	0.0019117671219976476
-3.258258258258259	0.001975246710031648
-3.248248248248249	0.0020406296346133744
-3.2382382382382384	0.0021079655793902826
-3.2282282282282284	0.002177305273288824
-3.2182182182182184	0.0022487005043407234
-3.208208208208209	0.0023222041334254725
-3.198198198198199	0.002397870107917957
-3.1881881881881884	0.002475753475229666
-3.1781781781781784	0.0025559103962318457
-3.1681681681681684	0.0026383981585484735
-3.1581581581581575	0.0027232751897067436
-3.148148148148149	0.0028106010701323537
-3.1381381381381384	0.0029004365459768177
-3.1281281281281283	0.002992843541763277
-3.1181181181181183	0.003087885172837573
-3.1081081081081074	0.003185625757610574
-3.0980980980980988	0.003286130829577608
-3.0880880880880883	0.003389467149100821
-3.0780780780780783	0.003495702714939351
-3.0680680680680683	0.003604906775512773
-3.0580580580580574	0.0037171498398822275
-3.0480480480480487	0.003832503688433777
-3.0380380380380383	0.003951041383248348
-3.0280280280280283	0.004072837278141716
-3.0180180180180183	0.004197967028358746
-3.0080080080080074	0.004326507599904808
-2.997997997997998	0.0044585372784976774
-2.987987987987988	0.004594135678122931
-2.977977977977978	0.004733383749175122
-2.9679679679679682	0.004876363786167487
-2.9579579579579574	0.0050231594349922
-2.947947947947948	0.005173855699712969
-2.937937937937938	0.005328538948872136
-2.9279279279279278	0.0054872969212932925
-2.917917917917918	0.005650218731361132
-2.9079079079079073	0.005817394873759533
-2.8978978978978978	0.005988917227648743
-2.8878878878878878	0.0061648790602628085
-2.8778778778778777	0.0063453750299074215
-2.867867867867868	0.006530501188339057
-2.8578578578578573	0.00672035498250571
-2.8478478478478477	0.0069150352556291384
-2.8378378378378377	0.007114642247609438
-2.8278278278278277	0.007319277594731159
-2.817817817817818	0.007529044328651609
-2.8078078078078073	0.007744046874650893
-2.7977977977977977	0.007964391049123446
-2.7877877877877877	0.008190184056291318
-2.7777777777777777	0.008421534484118354
-2.767767767767768	0.008658552299405495
-2.7577577577577572	0.008901348842046877
-2.7477477477477477	0.00915003681842624
-2.7377377377377377	0.009404730293934078
-2.7277277277277276	0.0096655446845847
-2.717717717717718	0.009932596747713757
-2.707707707707707	0.010206004571736082
-2.6976976976976976	0.010485887564943792
-2.6876876876876876	0.010772366443325673
-2.6776776776776776	0.01106556321738733
-2.667667667667668	0.011365601177953646
-2.657657657657657	0.011672604880933914
-2.6476476476476476	0.01198670013103057
-2.6376376376376376	0.012308013964373518
-2.6276276276276276	0.012636674630060626
-2.617617617617618	0.012972811570586988
-2.607607607607607	0.013316555401144802
-2.5975975975975976	0.013668037887776041
-2.5875875875875876	0.014027391924361457
-2.5775775775775776	0.014394751508428205
-2.567567567567568	0.014770251715760244
-2.557557557557557	0.015154028673795438
-2.5475475475475475	0.01554621953379326
-2.5375375375375375	0.01594696244175904
-2.5275275275275275	0.016356396508108887
-2.517517517517518	0.01677466177606206
-2.507507507507507	0.01720189918874714
-2.4974974974974975	0.017638250555008176
-2.4874874874874875	0.018083858513899972
-2.4774774774774775	0.018538866497858925
-2.467467467467468	0.019003418694539594
-2.457457457457457	0.019477660007305997
-2.4474474474474475	0.0199617360143675
-2.4374374374374375	0.02045579292655133
-2.4274274274274275	0.02095997754370181
-2.417417417417418	0.021474437209700135
-2.407407407407407	0.021999319766097227
-2.3973973973973974	0.022534773504353393
-2.3873873873873874	0.023080947116680968
-2.3773773773773774	0.023637989645483852
-2.367367367367368	0.02420605043139213
-2.357357357357357	0.024785279059888674
-2.3473473473473474	0.0253758253065258
-2.3373373373373374	0.025977839080732753
-2.3273273273273265	0.026591470368212813
-2.317317317317318	0.02721686917193248
-2.307307307307307	0.027854185451705853
-2.2972972972972974	0.028503569062375243
-2.2872872872872874	0.029165169690596154
-2.2772772772772765	0.029839136790229304
-2.267267267267268	0.030525619516347895
-2.257257257257257	0.031224766657869052
-2.2472472472472473	0.03193672656881556
-2.2372372372372373	0.0326616470982222
-2.2272272272272264	0.03339967551869476
-2.2172172172172178	0.034150958453636235
-2.207207207207207	0.034915641803154845
-2.1971971971971973	0.03569387066866606
-2.1871871871871873	0.03648578927620941
-2.1771771771771764	0.037291540898494124
-2.1671671671671677	0.03811126777569452
-2.157157157157157	0.038945111035016314
-2.1471471471471473	0.03979321060905222
-2.1371371371371373	0.04065570515295472
-2.1271271271271264	0.0415327319604459
-2.1171171171171177	0.042424426878692675
-2.107107107107107	0.04333092422207484
-2.0970970970970972	0.04425235668487123
-2.0870870870870872	0.04518885525289872
-2.0770770770770763	0.04614054911413086
-2.0670670670670677	0.04710756556833099
-2.0570570570570568	0.04809002993573489
-2.047047047047047	0.049088065464814395
-2.037037037037037	0.05010179323916421
-2.0270270270270263	0.0511313320835455
-2.0170170170170176	0.052176798469127886
-2.0070070070070063	0.05323830641797236
-1.9969969969969972	0.05431596740679254
-1.9869869869869872	0.05540989027004515
-1.9769769769769765	0.056520181102387726
-1.9669669669669676	0.05764694316055475
-1.9569569569569565	0.05879027676469922
-1.9469469469469471	0.0599502791992459
-1.9369369369369371	0.06112704461331196
-1.9269269269269265	0.06232066392074144
-1.9169169169169176	0.06353122469981012
-1.9069069069069065	0.06475881109265513
-1.8968968968968971	0.0660035037044813
-1.886886886886887	0.06726537950260728
-1.8768768768768764	0.06854451171540328
-1.8668668668668675	0.06984096973118359
-1.8568568568568564	0.07115481899711455
-1.846846846846847	0.07248612091819524
-1.836836836836837	0.07383493275638064
-1.8268268268268264	0.07520130752990388
-1.8168168168168175	0.07658529391286716
-1.8068068068068064	0.07798693613516693
-1.796796796796797	0.07940627388281588
-1.786786786786787	0.08084334219873675
-1.7767767767767764	0.08229817138408957
-1.7667667667667675	0.08377078690020641
-1.7567567567567564	0.08526120927120383
-1.746746746746747	0.08676945398734023
-1.736736736736737	0.08829553140919696
-1.7267267267267263	0.08983944667274896
-1.7167167167167174	0.09140119959540237
-1.7067067067067063	0.09298078458307368
-1.696696696696697	0.09457819053837964
-1.6866866866866868	0.09619340077002111
-1.6766766766766763	0.09782639290342829
-1.6666666666666674	0.09947713879274857
-1.6566566566566563	0.1011456044342524
-1.646646646646647	0.10283174988122956
-1.6366366366366367	0.10453552916046047
-1.6266266266266263	0.10625689019033109
-1.6166166166166174	0.10799577470067427
-1.6066066066066063	0.10975211815441371
-1.596596596596597	0.11152584967108323
-1.5865865865865867	0.11331689195230714
-1.5765765765765762	0.11512516120930903
-1.5665665665665673	0.11695056709253245
-1.5565565565565562	0.11879301262344885
-1.5465465465465469	0.12065239412862433
-1.5365365365365367	0.12252860117612951
-1.5265265265265262	0.1244215165143589
-1.5165165165165173	0.12633101601334082
-1.5065065065065062	0.128256968608611
-1.4964964964964969	0.13019923624771867
-1.4864864864864866	0.13215767383944704
-1.4764764764764762	0.13413212920581077
-1.4664664664664673	0.1361224430369076
-1.4564564564564562	0.13812844884869419
-1.4464464464464468	0.14014997294374945
-1.4364364364364366	0.14218683437510368
-1.4264264264264261	0.14423884491319003
-1.4164164164164172	0.14630580901599102
-1.4064064064064061	0.1483875238024433
-1.3963963963963968	0.15048377902915924
-1.3863863863863866	0.15259435707053545
-1.376376376376376	0.15471903290229952
-1.3663663663663659	0.15685757408855966
-1.356356356356356	0.15900974077241187
-1.3463463463463468	0.1611752856701598
-1.3363363363363365	0.16335395406920172
-1.326326326326326	0.16554548382963405
-1.3163163163163158	0.16774960538962422
-1.306306306306306	0.16996604177459831
-1.2962962962962967	0.17219450861028934
-1.2862862862862865	0.17443471413969114
-1.276276276276276	0.17668635924395604
-1.2662662662662658	0.17894913746727953
-1.256256256256256	0.18122273504580572
-1.2462462462462467	0.18350683094058914
-1.2362362362362365	0.18580109687464474
-1.226226226226226	0.18810519737411466
-1.2162162162162158	0.19041878981358082
-1.206206206206206	0.19274152446554624
-1.1961961961961967	0.19507304455410698
-1.1861861861861864	0.19741298631283444
-1.176176176176176	0.19976097904688253
-1.1661661661661658	0.20211664519933653
-1.156156156156156	0.2044796004218113
-1.1461461461461466	0.2068494536493083
-1.1361361361361364	0.20922580717933636
-1.126126126126126	0.21160825675529624
-1.1161161161161157	0.21399639165413128
-1.106106106106106	0.21638979477823786
-1.0960960960960966	0.21878804275162875
-1.0860860860860864	0.22119070602034083
-1.076076076076076	0.22359734895707048
-1.0660660660660657	0.22600752997002482
-1.056056056056056	0.22842080161596606
-1.0460460460460457	0.23083671071742742
-1.0360360360360363	0.23325479848407346
-1.0260260260260259	0.23567460063817935
-1.0160160160160157	0.23809564754419058
-1.0060060060060059	0.24051746434233442
-0.9959959959959956	0.2429395710862403
-0.9859859859859861	0.24536148288452683
-0.9759759759759761	0.24778271004631353
-0.9659659659659656	0.25020275823060517
-0.9559559559559556	0.25262112859949937
-0.9459459459459456	0.25503731797516277
-0.935935935935936	0.2574508190005156
-0.925925925925926	0.25986112030356623
-0.9159159159159156	0.2622677066653288
-0.9059059059059056	0.264670059191258
-0.8958958958958956	0.2670676554861305
-0.885885885885886	0.2694599698322981
-0.875875875875876	0.2718464733712371
-0.8658658658658656	0.27422663428831273
-0.8558558558558556	0.2765999180006773
-0.8458458458458455	0.27896578734821625
-0.835835835835836	0.2813237027874519
-0.825825825825826	0.2836731225883155
-0.8158158158158155	0.28601350303369194
-0.8058058058058055	0.2883442986216399
-0.7957957957957955	0.2906649622701903
-0.785785785785786	0.29297494552461617
-0.7757757757757755	0.29527369876707404
-0.7657657657657655	0.2975606714285047
-0.7557557557557555	0.29983531220268705
-0.7457457457457455	0.30209706926233104
-0.7357357357357359	0.30434539047709497
-0.7257257257257255	0.3065797236334111
-0.7157157157157155	0.3087995166559998
-0.7057057057057055	0.31100421783095195
-0.6956956956956954	0.3131932760302554
-0.6856856856856859	0.3153661409376422
-0.6756756756756754	0.31752226327562794
-0.6656656656656654	0.31966109503361495
-0.6556556556556554	0.3217820896969312
-0.6456456456456454	0.32388470247667
-0.6356356356356359	0.3259683905401999
-0.6256256256256254	0.32803261324220845
-0.6156156156156154	0.33007683235614477
-0.6056056056056054	0.33210051230592436
-0.5955955955955954	0.33410312039775664
-0.5855855855855858	0.3360841270519577
-0.5755755755755754	0.33804300603460824
-0.5655655655655654	0.3399792346889136
-0.5555555555555554	0.34189229416612926
-0.5455455455455454	0.34378166965590573
-0.5355355355355358	0.34564685061591266
-0.5255255255255253	0.34748733100060025
-0.5155155155155153	0.3493026094889525
-0.5055055055055053	0.35109218971109374
-0.4954954954954953	0.352855580473602
-0.48548548548548576	0.35459229598338854
-0.4754754754754753	0.35630185607000125
-0.4654654654654653	0.3579837864062085
-0.4554554554554553	0.3596376187267251
-0.4454454454454453	0.36126289104493575
-0.4354354354354357	0.3628591478674794
-0.4254254254254253	0.3644259404065533
-0.41541541541541527	0.3659628267897982
-0.40540540540540526	0.3674693722676304
-0.39539539539539525	0.3689451494178811
-0.3853853853853857	0.37038973834761074
-0.37537537537537524	0.3718027268919647
-0.36536536536536524	0.3731837108099374
-0.35535535535535523	0.37453229397691773
-0.3453453453453452	0.3758480885738838
-0.33533533533533566	0.3771307152731237
-0.3253253253253252	0.37837980342035654
-0.3153153153153152	0.3795949912131308
-0.3053053053053052	0.38077592587538184
-0.2952952952952952	0.38192226382802885
-0.28528528528528563	0.38303367085549667
-0.2752752752752752	0.3841098222680496
-0.26526526526526517	0.38515040305982606
-0.25525525525525516	0.3861551080624679
-0.24524524524524516	0.3871236420942381
-0.2352352352352356	0.3880557201045256
-0.22522522522522515	0.3889510673136381
-0.21521521521521514	0.3898094193477865
-0.20520520520520513	0.39063052236916934
-0.19519519519519513	0.3914141332010658
-0.18518518518518556	0.3921600194478526
-0.1751751751751751	0.39286795960986176
-0.1651651651651651	0.3935377431929976
-0.1551551551551551	0.3941691708130405
-0.1451451451451451	0.39476205429456246
-0.1351351351351351	0.39531621676438644
-0.12512512512512508	0.39583149273952484
-0.11511511511511507	0.39630772820953614
-0.10510510510510507	0.3967447807132408
-0.09509509509509506	0.3971425194097454
-0.08508508508508505	0.3975008251437226
-0.07507507507507505	0.3978195905049041
-0.06506506506506504	0.39809871988174317
-0.055055055055055035	0.39833812950920905
-0.04504504504504503	0.39853774751068194
-0.03503503503503502	0.3986975139339164
-0.025025025025025016	0.3988173807810503
-0.01501501501501501	0.3988973120326366
-0.005005005005005003	0.3989372836656826
0.005005005005005003	0.3989372836656826
0.01501501501501501	0.3988973120326366
0.025025025025025016	0.3988173807810503
0.03503503503503502	0.3986975139339164
0.04504504504504503	0.39853774751068194
0.055055055055055035	0.39833812950920905
0.06506506506506504	0.39809871988174317
0.07507507507507505	0.3978195905049041
0.08508508508508505	0.3975008251437226
0.09509509509509506	0.3971425194097454
0.10510510510510507	0.3967447807132408
0.11511511511511507	0.39630772820953614
0.12512512512512508	0.39583149273952484
0.1351351351351351	0.39531621676438644
0.1451451451451451	0.39476205429456246
0.1551551551551551	0.3941691708130405
0.1651651651651651	0.3935377431929976
0.1751751751751751	0.39286795960986176
0.18518518518518512	0.39216001944785267
0.19519519519519513	0.3914141332010658
0.20520520520520513	0.39063052236916934
0.21521521521521514	0.3898094193477865
0.22522522522522515	0.3889510673136381
0.23523523523523515	0.38805572010452566
0.24524524524524516	0.3871236420942381
0.25525525525525516	0.3861551080624679
0.26526526526526517	0.38515040305982606
0.2752752752752752	0.3841098222680496
0.2852852852852852	0.3830336708554967
0.2952952952952952	0.38192226382802885
0.3053053053053052	0.38077592587538184
0.3153153153153152	0.3795949912131308
0.3253253253253252	0.37837980342035654
0.3353353353353352	0.37713071527312375
0.3453453453453461	0.3758480885738837
0.35535535535535523	0.37453229397691773
0.36536536536536524	0.3731837108099374
0.37537537537537524	0.3718027268919647
0.38538538538538525	0.3703897383476108
0.39539539539539614	0.368945149417881
0.40540540540540526	0.3674693722676304
0.41541541541541527	0.3659628267897982
0.4254254254254253	0.3644259404065533
0.4354354354354353	0.3628591478674795
0.4454454454454462	0.36126289104493564
0.4554554554554553	0.3596376187267251
0.4654654654654653	0.3579837864062085
0.4754754754754753	0.35630185607000125
0.4854854854854853	0.35459229598338865
0.4954954954954962	0.3528555804736019
0.5055055055055053	0.35109218971109374
0.5155155155155153	0.3493026094889525
0.5255255255255253	0.34748733100060025
0.5355355355355353	0.34564685061591277
0.5455455455455462	0.34378166965590556
0.5555555555555554	0.34189229416612926
0.5655655655655654	0.3399792346889136
0.5755755755755754	0.33804300603460824
0.5855855855855854	0.33608412705195784
0.5955955955955963	0.3341031203977564
0.6056056056056054	0.33210051230592436
0.6156156156156154	0.33007683235614477
0.6256256256256254	0.32803261324220845
0.6356356356356354	0.32596839054019994
0.6456456456456463	0.32388470247666984
0.6556556556556554	0.3217820896969312
0.6656656656656654	0.31966109503361495
0.6756756756756754	0.31752226327562794
0.6856856856856854	0.3153661409376423
0.6956956956956963	0.3131932760302552
0.7057057057057055	0.31100421783095195
0.7157157157157155	0.3087995166559998
0.7257257257257255	0.3065797236334111
0.7357357357357355	0.304345390477095
0.7457457457457464	0.3020970692623309
0.7557557557557555	0.29983531220268705
0.7657657657657655	0.2975606714285047
0.7757757757757755	0.29527369876707404
0.7857857857857855	0.2929749455246162
0.7957957957957964	0.29066496227019006
0.8058058058058055	0.2883442986216399
0.8158158158158155	0.28601350303369194
0.8258258258258255	0.2836731225883156
0.8358358358358355	0.28132370278745195
0.8458458458458464	0.27896578734821603
0.8558558558558556	0.2765999180006773
0.8658658658658656	0.27422663428831273
0.8758758758758756	0.2718464733712372
0.8858858858858856	0.2694599698322982
0.8958958958958965	0.26706765548613026
0.9059059059059056	0.264670059191258
0.9159159159159156	0.2622677066653288
0.9259259259259256	0.25986112030356634
0.9359359359359356	0.2574508190005157
0.9459459459459465	0.25503731797516255
0.9559559559559556	0.25262112859949937
0.9659659659659656	0.25020275823060517
0.9759759759759756	0.24778271004631364
0.9859859859859865	0.24536148288452672
0.9959959959959965	0.2429395710862401
1.0060060060060059	0.24051746434233442
1.0160160160160157	0.23809564754419058
1.0260260260260257	0.2356746006381794
1.0360360360360366	0.23325479848407343
1.0460460460460466	0.2308367107174272
1.056056056056056	0.22842080161596606
1.0660660660660657	0.22600752997002482
1.0760760760760757	0.2235973489570705
1.0860860860860866	0.2211907060203408
1.0960960960960966	0.21878804275162875
1.106106106106106	0.21638979477823786
1.1161161161161157	0.21399639165413128
1.1261261261261257	0.21160825675529632
1.1361361361361366	0.2092258071793363
1.1461461461461466	0.2068494536493083
1.156156156156156	0.2044796004218113
1.1661661661661658	0.20211664519933653
1.1761761761761758	0.19976097904688261
1.1861861861861867	0.19741298631283435
1.1961961961961967	0.19507304455410698
1.206206206206206	0.19274152446554624
1.2162162162162158	0.19041878981358082
1.2262262262262258	0.1881051973741147
1.2362362362362367	0.18580109687464472
1.2462462462462467	0.18350683094058914
1.256256256256256	0.18122273504580572
1.2662662662662658	0.17894913746727953
1.2762762762762758	0.1766863592439561
1.2862862862862867	0.17443471413969108
1.2962962962962967	0.17219450861028934
1.306306306306306	0.16996604177459831
1.3163163163163158	0.16774960538962422
1.3263263263263259	0.1655454838296341
1.3363363363363367	0.1633539540692017
1.3463463463463468	0.1611752856701598
1.356356356356356	0.15900974077241187
1.3663663663663659	0.15685757408855966
1.3763763763763759	0.15471903290229957
1.3863863863863868	0.1525943570705354
1.3963963963963968	0.15048377902915924
1.4064064064064061	0.1483875238024433
1.416416416416416	0.14630580901599124
1.426426426426426	0.14423884491319008
1.4364364364364368	0.1421868343751036
1.4464464464464468	0.14014997294374945
1.4564564564564562	0.13812844884869419
1.466466466466466	0.13612244303690788
1.476476476476476	0.1341321292058108
1.4864864864864868	0.13215767383944702
1.4964964964964969	0.13019923624771867
1.5065065065065062	0.128256968608611
1.516516516516516	0.1263310160133411
1.526526526526526	0.12442151651435894
1.5365365365365369	0.12252860117612945
1.5465465465465469	0.12065239412862433
1.5565565565565562	0.11879301262344885
1.566566566566566	0.11695056709253268
1.576576576576577	0.11512516120930891
1.586586586586587	0.11331689195230711
1.596596596596597	0.11152584967108323
1.6066066066066063	0.10975211815441371
1.616616616616616	0.1079957747006745
1.626626626626627	0.10625689019033098
1.636636636636637	0.10453552916046042
1.646646646646647	0.10283174988122956
1.6566566566566563	0.1011456044342524
1.666666666666666	0.09947713879274879
1.676676676676677	0.09782639290342818
1.686686686686687	0.09619340077002107
1.696696696696697	0.09457819053837964
1.7067067067067063	0.09298078458307368
1.716716716716716	0.09140119959540258
1.726726726726727	0.08983944667274886
1.736736736736737	0.08829553140919696
1.746746746746747	0.08676945398734023
1.7567567567567564	0.08526120927120383
1.7667667667667661	0.0837707869002066
1.776776776776777	0.08229817138408949
1.786786786786787	0.08084334219873675
1.796796796796797	0.07940627388281588
1.8068068068068064	0.07798693613516693
1.8168168168168162	0.07658529391286735
1.826826826826827	0.07520130752990378
1.836836836836837	0.07383493275638064
1.846846846846847	0.07248612091819524
1.8568568568568564	0.07115481899711455
1.8668668668668662	0.06984096973118376
1.876876876876877	0.0685445117154032
1.886886886886887	0.06726537950260728
1.8968968968968971	0.0660035037044813
1.9069069069069065	0.06475881109265513
1.9169169169169162	0.06353122469981028
1.9269269269269271	0.06232066392074136
1.9369369369369371	0.06112704461331196
1.9469469469469471	0.0599502791992459
1.9569569569569565	0.05879027676469922
1.9669669669669663	0.057646943160554895
1.9769769769769772	0.056520181102387664
1.9869869869869872	0.05540989027004515
1.9969969969969972	0.05431596740679254
2.0070070070070063	0.05323830641797236
2.0170170170170163	0.052176798469128025
2.027027027027027	0.05113133208354541
2.037037037037037	0.05010179323916421
2.047047047047047	0.049088065464814395
2.0570570570570563	0.048090029935734926
2.0670670670670663	0.047107565568331115
2.0770770770770772	0.04614054911413078
2.0870870870870872	0.04518885525289872
2.0970970970970972	0.04425235668487123
2.1071071071071064	0.04333092422207488
2.1171171171171164	0.04242442687869281
2.1271271271271273	0.04153273196044583
2.1371371371371373	0.04065570515295472
2.1471471471471473	0.03979321060905222
2.1571571571571564	0.03894511103501634
2.1671671671671664	0.038111267775694645
2.1771771771771773	0.037291540898494055
2.1871871871871873	0.03648578927620941
2.1971971971971973	0.03569387066866606
2.2072072072072064	0.034915641803154894
2.217217217217218	0.03415095845363621
2.2272272272272273	0.033399675518694695
2.2372372372372373	0.0326616470982222
2.2472472472472473	0.03193672656881556
2.2572572572572565	0.03122476665786909
2.2672672672672682	0.03052561951634785
2.2772772772772774	0.02983913679022924
2.2872872872872874	0.029165169690596154
2.2972972972972974	0.028503569062375243
2.3073073073073065	0.027854185451705878
2.3173173173173183	0.027216869171932452
2.3273273273273274	0.02659147036821275
2.3373373373373374	0.025977839080732753
2.3473473473473474	0.0253758253065258
2.3573573573573565	0.024785279059888695
2.3673673673673683	0.024206050431392095
2.3773773773773774	0.023637989645483852
2.3873873873873874	0.023080947116680968
2.3973973973973974	0.022534773504353393
2.4074074074074066	0.021999319766097244
2.4174174174174183	0.021474437209700114
2.4274274274274275	0.02095997754370181
2.4374374374374375	0.02045579292655133
2.4474474474474475	0.0199617360143675
2.4574574574574566	0.019477660007306014
2.4674674674674684	0.019003418694539566
2.4774774774774775	0.018538866497858925
2.4874874874874875	0.018083858513899972
2.4974974974974975	0.017638250555008176
2.5075075075075066	0.017201899188747153
2.5175175175175184	0.016774661776062048
2.5275275275275275	0.016356396508108887
2.5375375375375375	0.01594696244175904
2.5475475475475475	0.01554621953379326
2.5575575575575566	0.015154028673795452
2.5675675675675684	0.01477025171576023
2.5775775775775776	0.014394751508428205
2.5875875875875876	0.014027391924361457
2.5975975975975976	0.013668037887776041
2.6076076076076067	0.013316555401144821
2.6176176176176185	0.012972811570586976
2.6276276276276276	0.012636674630060626
2.6376376376376376	0.012308013964373518
2.6476476476476476	0.01198670013103057
2.6576576576576567	0.011672604880933924
2.6676676676676685	0.011365601177953636
2.6776776776776776	0.01106556321738733
2.6876876876876876	0.010772366443325673
2.6976976976976976	0.010485887564943792
2.7077077077077067	0.010206004571736088
2.7177177177177185	0.009932596747713743
2.7277277277277276	0.0096655446845847
2.7377377377377377	0.009404730293934078
2.7477477477477477	0.00915003681842624
2.757757757757757	0.008901348842046889
2.7677677677677686	0.008658552299405483
2.7777777777777777	0.008421534484118354
2.7877877877877877	0.008190184056291318
2.7977977977977977	0.007964391049123446
2.807807807807807	0.0077440468746508995
2.8178178178178186	0.007529044328651598
2.8278278278278277	0.007319277594731159
2.8378378378378377	0.007114642247609438
2.8478478478478477	0.0069150352556291384
2.8578578578578586	0.006720354982505687
2.8678678678678686	0.006530501188339052
2.8778778778778777	0.0063453750299074215
2.8878878878878878	0.0061648790602628085
2.8978978978978978	0.005988917227648743
2.9079079079079087	0.0058173948737595075
2.9179179179179187	0.005650218731361122
2.9279279279279278	0.0054872969212932925
2.937937937937938	0.005328538948872136
2.947947947947948	0.005173855699712969
2.9579579579579587	0.005023159434992182
2.9679679679679687	0.004876363786167483
2.977977977977978	0.004733383749175122
2.987987987987988	0.004594135678122931
2.997997997997998	0.0044585372784976774
3.0080080080080087	0.00432650759990479
3.0180180180180187	0.004197967028358743
3.0280280280280283	0.004072837278141716
3.0380380380380383	0.003951041383248348
3.0480480480480474	0.0038325036884337945
3.0580580580580587	0.0037171498398822144
3.0680680680680688	0.003604906775512767
3.0780780780780783	0.003495702714939351
3.0880880880880883	0.003389467149100821
3.0980980980980974	0.0032861308295776223
3.108108108108109	0.003185625757610563
3.118118118118119	0.00308788517283757
3.1281281281281283	0.002992843541763277
3.1381381381381384	0.0029004365459768177
3.1481481481481475	0.0028106010701323637
3.158158158158159	0.0027232751897067337
3.168168168168169	0.0026383981585484688
3.1781781781781784	0.0025559103962318457
3.1881881881881884	0.002475753475229666
3.1981981981981975	0.0023978701079179674
3.208208208208209	0.0023222041334254725
3.218218218218219	0.002248700504340719
3.2282282282282284	0.002177305273288824
3.2382382382382384	0.0021079655793902826
3.2482482482482475	0.002040629634613383
3.258258258258259	0.001975246710031648
3.268268268268269	0.0019117671219976442
3.2782782782782784	0.0018501422182437375
3.2882882882882885	0.0017903243639205966
3.2982982982982976	0.001732266927583609
3.308308308308309	0.0016759242671371072
3.318318318318319	0.0016212517157462576
3.3283283283283285	0.0015682055677257688
3.3383383383383385	0.0015167430644146987
3.3483483483483476	0.001466822380046101
3.358358358358359	0.0014184026076199882
3.368368368368369	0.001371443744787974
3.3783783783783785	0.0013259066797573873
3.3883883883883885	0.0012817531772227068
3.3983983983983976	0.0012389458643316548
3.408408408408409	0.0011974482166930624
3.418418418418419	0.0011572245444335014
3.4284284284284285	0.0011182399783091301
3.4384384384384385	0.0010804604558792596
3.448448448448449	0.0010438527077476724
3.458458458458459	0.0010083842438775384
3.468468468468469	0.0009740233399855434
3.4784784784784786	0.0009407390240205852
3.4884884884884886	0.0009085010627321479
3.498498498498499	0.0008772799483332424
3.508508508508509	0.0008470468852625585
3.518518518518519	0.0008177737770502308
3.5285285285285286	0.0007894332132914555
3.5385385385385386	0.0007619984567318983
3.548548548548549	0.0007354434304686859
3.558558558558559	0.0007097427052705204
3.568568568568569	0.0006848714870202652
3.5785785785785786	0.0006608056042831642
3.5885885885885886	0.0006375214960036303
3.598598598598599	0.0006149961993333812
3.608608608608609	0.0005932073375934776
3.618618618618619	0.0005721331083726564
3.6286286286286287	0.0005517522717641892
3.6386386386386387	0.0005320441387432778
3.648648648648649	0.0005129885596868767
3.658658658658659	0.000494565913037639
3.668668668668669	0.00047675709411351886
3.6786786786786787	0.00045954350406444603
3.6886886886886887	0.00044290703897728015
3.698698698698699	0.0004268300791301634
3.708708708708709	0.0004112954783971987
3.718718718718719	0.0003962865538042735
3.7287287287287287	0.0003817870752367106
3.7387387387387387	0.000367781255299286
3.748748748748749	0.0003542537393290459
3.758758758758759	0.00034118959556122023
3.768768768768769	0.00032857430544841655
3.7787787787787788	0.00031639375413317745
3.7887887887887888	0.0003046342210738576
3.7987987987987992	0.00029328237082369165
3.8088088088088092	0.0002823252439628062
3.8188188188188192	0.00027175024818283975
3.828828828828829	0.00026154514952375245
3.838838838838839	0.00025169806376230003
3.8488488488488493	0.00024219744795157412
3.8588588588588593	0.0002330320921109271
3.8688688688688693	0.00022419111106551488
3.878878878878879	0.0002156639364346313
3.888888888888889	0.0002074403087679207
3.8988988988988993	0.00019951026982850093
3.9089089089089093	0.0001918641550219569
3.9189189189189193	0.00018449258597010427
3.928928928928929	0.00017738646322837252
3.938938938938939	0.00017053695914559367
3.9489489489489493	0.00016393551086493638
3.9589589589589593	0.00015757381346467387
3.9689689689689693	0.0001514438132374289
3.978978978978979	0.0001455377011065006
3.988988988988989	0.00013984790617782924
3.9989989989989994	0.000134367089426128
4.009009009009009	0.00012908813751366692
4.019019019019019	0.00012400415674016654
4.029029029029029	0.00011910846712222867
4.039039039039039	0.00011439459660070622
4.049049049049049	0.00010985627537438261
4.059059059059059	0.00010548743035831564
4.069069069069069	0.00010128217976517728
4.079079079079079	9.723482780790063e-5
4.089089089089089	9.333985952193218e-5
4.099099099099099	8.959193570537117e-5
4.109109109109109	8.598588797526645e-5
4.119119119119119	8.251671393832852e-5
4.129129129129129	7.917957247430858e-5
4.1391391391391394	7.596977913028805e-5
4.1491491491491495	7.288280162411435e-5
4.1591591591591595	6.99142554552202e-5
4.1691691691691695	6.705989962105581e-5
4.1791791791791795	6.4315632437365e-5
4.1891891891891895	6.167748746053908e-5
4.1991991991991995	5.9141629510279606e-5
4.2092092092092095	5.6704350790808075e-5
4.2192192192192195	5.43620671088645e-5
4.2292292292292295	5.2111314186740755e-5
4.2392392392392395	4.99487440686039e-5
4.2492492492492495	4.787112161837096e-5
4.2592592592592595	4.587532110740675e-5
4.2692692692692695	4.395832289032471e-5
4.2792792792792795	4.2117210167183925e-5
4.2892892892892895	4.034916583038524e-5
4.2992992992992995	3.8651469394583444e-5
4.3093093093093096	3.7021494007944656e-5
4.31931931931932	3.5456703543093535e-5
4.32932932932933	3.3954649766109245e-5
4.33933933933934	3.2512969581943714e-5
4.34934934934935	3.1129382354654245e-5
4.35935935935936	2.9801687300856742e-5
4.36936936936937	2.8527760954824143e-5
4.37937937937938	2.7305554703673704e-5
4.38938938938939	2.6133092391102312e-5
4.3993993993994	2.5008467988150235e-5
4.40940940940941	2.3929843329491493e-5
4.41941941941942	2.289544591376843e-5
4.42942942942943	2.1903566766508593e-5
4.43943943943944	2.095255836418134e-5
4.44944944944945	2.0040832617972474e-5
4.45945945945946	1.9166858915875072e-5
4.46946946946947	1.832916222171639e-5
4.47947947947948	1.752632122976078e-5
4.48948948948949	1.6756966573550372e-5
4.4994994994995	1.6019779087665834e-5
4.50950950950951	1.5313488121111463e-5
4.51951951951952	1.4636869901050072e-5
4.52952952952953	1.398874594563419e-5
4.53953953953954	1.3367981524702597e-5
4.54954954954955	1.2773484167131629e-5
4.55955955955956	1.2204202213652822e-5
4.56956956956957	1.1659123413970254e-5
4.57957957957958	1.113727356703151e-5
4.58958958958959	1.0637715203328493e-5
4.5995995995996	1.0159546308125239e-5
4.60960960960961	9.701899084530991e-6
4.61961961961962	9.263938755358373e-6
4.62962962962963	8.844862402727114e-6
4.63963963963964	8.44389784439499e-6
4.64964964964965	8.060302545818064e-6
4.65965965965966	7.693362566963276e-6
4.66966966966967	7.342391542916562e-6
4.67967967967968	7.006729697350161e-6
4.68968968968969	6.685742887932589e-6
4.6996996996997	6.378821682784907e-6
4.70970970970971	6.085380467106363e-6
4.71971971971972	5.804856579112089e-6
4.72972972972973	5.536709474444599e-6
4.73973973973974	5.280419918240034e-6
4.74974974974975	5.0354892040487905e-6
4.75975975975976	4.801438398828609e-6
4.76976976976977	4.577807613246672e-6
4.77977977977978	4.3641552965451725e-6
4.78978978978979	4.160057555242689e-6
4.7997997997998	3.9651074949611e-6
4.80980980980981	3.778914584685238e-6
4.81981981981982	3.6011040427793162e-6
4.82982982982983	3.4313162441010406e-6
4.83983983983984	3.269206147570631e-6
4.84984984984985	3.1144427435683705e-6
4.85985985985986	2.9667085205500707e-6
4.86986986986987	2.825698950285607e-6
4.87987987987988	2.691121991140962e-6
4.88988988988989	2.5626976088394264e-6
4.8998998998999	2.440157314152359e-6
4.90990990990991	2.3232437169845257e-6
4.91991991991992	2.211710096333239e-6
4.92992992992993	2.1053199856146367e-6
4.93993993993994	2.0038467728640893e-6
4.94994994994995	1.9070733153312075e-6
4.95995995995996	1.8147915680031394e-6
4.96996996996997	1.726802225602747e-6
4.97997997997998	1.6429143776209077e-6
4.98998998998999	1.5629451759545646e-6
5.0	1.4867195147342979e-6
