-10.0	3.2837448551944468e-6
-9.97997997997998	3.297360927256211e-6
-9.95995995995996	3.311062844861495e-6
-9.93993993993994	3.324851339905476e-6
-9.91991991991992	3.3387271521989762e-6
-9.8998998998999	3.3526910295728006e-6
-9.87987987987988	3.366743727983699e-6
-9.85985985985986	3.380886011621993e-6
-9.83983983983984	3.395118653020894e-6
-9.81981981981982	3.4094424331675397e-6
-9.7997997997998	3.4238581416157896e-6
-9.77977977977978	3.4383665766007995e-6
-9.75975975975976	3.45296854515542e-6
-9.73973973973974	3.4676648632284443e-6
-9.71971971971972	3.4824563558047434e-6
-9.6996996996997	3.4973438570273233e-6
-9.67967967967968	3.512328210321338e-6
-9.65965965965966	3.527410268520097e-6
-9.63963963963964	3.5425908939931064e-6
-9.61961961961962	3.5578709587761754e-6
-9.5995995995996	3.573251344703633e-6
-9.57957957957958	3.5887329435426942e-6
-9.55955955955956	3.6043166571300138e-6
-9.53953953953954	3.6200033975104686e-6
-9.51951951951952	3.6357940870782174e-6
-9.4994994994995	3.6516896587200725e-6
-9.47947947947948	3.6676910559612345e-6
-9.45945945945946	3.6837992331134332e-6
-9.43943943943944	3.7000151554255186e-6
-9.41941941941942	3.716339799236555e-6
-9.3993993993994	3.7327741521314607e-6
-9.37937937937938	3.749319213099246e-6
-9.35935935935936	3.7659759926939006e-6
-9.33933933933934	3.782745513197979e-6
-9.31931931931932	3.7996288087889425e-6
-9.2992992992993	3.816626925708303e-6
-9.27927927927928	3.8337409224336345e-6
-9.25925925925926	3.8509718698535004e-6
-9.23923923923924	3.868320851445361e-6
-9.21921921921922	3.885788963456512e-6
-9.1991991991992	3.903377315088125e-6
-9.17917917917918	3.921087028682444e-6
-9.15915915915916	3.938919239913207e-6
-9.13913913913914	3.956875097979349e-6
-9.11911911911912	3.974955765802066e-6
-9.0990990990991	3.993162420225295e-6
-9.07907907907908	4.011496252219688e-6
-9.05905905905906	4.029958467090147e-6
-9.03903903903904	4.048550284686993e-6
-9.01901901901902	4.067272939620848e-6
-8.998998998999	4.086127681481302e-6
-8.97897897897898	4.105115775059444e-6
-8.95895895895896	4.124238500574333e-6
-8.93893893893894	4.143497153903507e-6
-8.91891891891892	4.162893046817591e-6
-8.8988988988989	4.182427507219107e-6
-8.87887887887888	4.202101879385569e-6
-8.85885885885886	4.22191752421695e-6
-8.83883883883884	4.2418758194876196e-6
-8.81881881881882	4.261978160102841e-6
-8.7987987987988	4.282225958359932e-6
-8.77877877877878	4.302620644214177e-6
-8.75875875875876	4.323163665549612e-6
-8.73873873873874	4.34385648845476e-6
-8.71871871871872	4.36470059750345e-6
-8.6986986986987	4.3856974960408215e-6
-8.67867867867868	4.406848706474607e-6
-8.65865865865866	4.428155770571847e-6
-8.63863863863864	4.449620249761117e-6
-8.618618618618619	4.47124372544042e-6
-8.598598598598599	4.493027799290835e-6
-8.578578578578579	4.514974093596097e-6
-8.558558558558559	4.5370842515681786e-6
-8.538538538538539	4.559359937679073e-6
-8.518518518518519	4.581802837998859e-6
-8.498498498498499	4.604414660540232e-6
-8.478478478478479	4.627197135609621e-6
-8.458458458458459	4.650152016165055e-6
-8.438438438438439	4.673281078180922e-6
-8.418418418418419	4.696586121019793e-6
-8.398398398398399	4.720068967811451e-6
-8.378378378378379	4.743731465839316e-6
-8.358358358358359	4.767575486934413e-6
-8.338338338338339	4.791602927877081e-6
-8.318318318318319	4.815815710806584e-6
-8.298298298298299	4.840215783638821e-6
-8.278278278278279	4.8648051204923255e-6
-8.258258258258259	4.889585722122736e-6
-8.238238238238239	4.914559616365968e-6
-8.218218218218219	4.939728858590256e-6
-8.198198198198199	4.96509553215732e-6
-8.178178178178179	4.990661748892832e-6
-8.158158158158159	5.016429649566454e-6
-8.138138138138139	5.042401404381641e-6
-8.118118118118119	5.068579213475465e-6
-8.098098098098099	5.094965307428712e-6
-8.078078078078079	5.121561947786487e-6
-8.058058058058059	5.148371427589607e-6
-8.038038038038039	5.175396071917034e-6
-8.018018018018019	5.202638238439638e-6
-7.997997997997999	5.230100317985566e-6
-7.977977977977979	5.2577847351175174e-6
-7.957957957957959	5.285693948722224e-6
-7.937937937937939	5.313830452612445e-6
-7.917917917917919	5.342196776141816e-6
-7.897897897897899	5.370795484832852e-6
-7.877877877877879	5.399629181018491e-6
-7.857857857857859	5.428700504497488e-6
-7.837837837837839	5.458012133204058e-6
-7.817817817817819	5.487566783892127e-6
-7.797797797797799	5.517367212834603e-6
-7.777777777777779	5.547416216538028e-6
-7.7577577577577586	5.577716632473085e-6
-7.7377377377377385	5.608271339821345e-6
-7.7177177177177185	5.639083260238714e-6
-7.6976976976976985	5.6701553586360595e-6
-7.6776776776776785	5.7014906439774654e-6
-7.6576576576576585	5.733092170096626e-6
-7.6376376376376385	5.7649630365318935e-6
-7.6176176176176185	5.7971063893805e-6
-7.5975975975975985	5.829525422172518e-6
-7.577577577577578	5.862223376765108e-6
-7.557557557557558	5.895203544257682e-6
-7.537537537537538	5.928469265928551e-6
-7.517517517517518	5.962023934193742e-6
-7.497497497497498	5.995870993588615e-6
-7.477477477477478	6.0300139417729814e-6
-7.457457457457458	6.064456330560451e-6
-7.437437437437438	6.099201766972736e-6
-7.417417417417418	6.134253914319704e-6
-7.397397397397398	6.169616493305985e-6
-7.377377377377378	6.205293283164979e-6
-7.357357357357358	6.241288122821141e-6
-7.337337337337338	6.277604912081474e-6
-7.317317317317318	6.314247612857181e-6
-7.297297297297298	6.351220250416482e-6
-7.277277277277277	6.388526914669655e-6
-7.257257257257258	6.426171761487384e-6
-7.237237237237238	6.464159014053608e-6
-7.217217217217218	6.50249296425401e-6
-7.197197197197198	6.541177974101486e-6
-7.177177177177177	6.580218477199888e-6
-7.157157157157158	6.619618980247439e-6
-7.137137137137138	6.659384064581332e-6
-7.117117117117118	6.69951838776501e-6
-7.097097097097098	6.7400266852198135e-6
-7.077077077077077	6.780913771902698e-6
-7.057057057057058	6.822184544031848e-6
-7.037037037037038	6.863843980862148e-6
-7.017017017017018	6.905897146512505e-6
-6.996996996996998	6.948349191847233e-6
-6.976976976976977	6.9912053564137955e-6
-6.956956956956957	7.034470970439324e-6
-6.936936936936938	7.078151456888563e-6
-6.916916916916918	7.1222523335859776e-6
-6.896896896896898	7.1667792154049785e-6
-6.876876876876877	7.211737816527481e-6
-6.856856856856857	7.257133952777104e-6
-6.836836836836838	7.302973544029706e-6
-6.816816816816818	7.3492626167051016e-6
-6.796796796796798	7.396007306344141e-6
-6.776776776776777	7.443213860275687e-6
-6.756756756756757	7.4908886403782815e-6
-6.736736736736738	7.539038125941797e-6
-6.716716716716718	7.587668916634691e-6
-6.696696696696698	7.636787735582985e-6
-6.676676676676677	7.686401432567677e-6
-6.656656656656657	7.736516987347728e-6
-6.636636636636637	7.787141513116585e-6
-6.616616616616618	7.838282260100721e-6
-6.596596596596598	7.889946619309628e-6
-6.576576576576577	7.942142126447468e-6
-6.556556556556557	7.994876465997634e-6
-6.536536536536537	8.048157475492547e-6
-6.516516516516518	8.10199314998225e-6
-6.496496496496498	8.156391646716719e-6
-6.476476476476477	8.211361290058426e-6
-6.456456456456457	8.266910576643332e-6
-6.436436436436437	8.323048180810578e-6
-6.416416416416418	8.37978296032323e-6
-6.396396396396398	8.437123962405035e-6
-6.376376376376377	8.495080430120937e-6
-6.356356356356357	8.553661809132318e-6
-6.336336336336337	8.61287775486163e-6
-6.316316316316315	8.67273814010515e-6
-6.296296296296298	8.733253063137368e-6
-6.276276276276277	8.794432856356042e-6
-6.256256256256257	8.856288095522766e-6
-6.236236236236237	8.918829609661502e-6
-6.216216216216215	8.982068491685132e-6
-6.1961961961961975	9.046016109829668e-6
-6.176176176176177	9.110684119986598e-6
-6.156156156156157	9.176084479035736e-6
-6.136136136136137	9.242229459295918e-6
-6.116116116116115	9.309131664226856e-6
-6.0960960960960975	9.376804045534886e-6
-6.076076076076077	9.445259921857809e-6
-6.056056056056057	9.514512999229477e-6
-6.036036036036037	9.584577393555724e-6
-6.016016016016015	9.655467655368047e-6
-5.995995995995996	9.72719879716321e-6
-5.975975975975976	9.799786323685642e-6
-5.955955955955956	9.873246265566479e-6
-5.9359359359359365	9.947595216800964e-6
-5.915915915915915	1.0022850376625458e-5
-5.895895895895896	1.0099029596449851e-5
-5.875875875875876	1.017615143261361e-5
-5.8558558558558556	1.0254235205866884e-5
-5.835835835835836	1.0333301068637945e-5
-5.815815815815815	1.0413370081338714e-5
-5.7957957957957955	1.0494464299189012e-5
-5.7757757757757755	1.0576606871315772e-5
-5.7557557557557555	1.0659822154215163e-5
-5.735735735735736	1.0744135842068057e-5
-5.715715715715715	1.0829575116886793e-5
-5.6956956956956954	1.0916168822065297e-5
-5.675675675675675	1.1003947663630348e-5
-5.655655655655655	1.1092944444380581e-5
-5.635635635635636	1.1183194337193755e-5
-5.6156156156156145	1.1274735205132123e-5
-5.595595595595595	1.136760797764747e-5
-5.575575575575575	1.1461857094266563e-5
-5.555555555555555	1.1557531029732456e-5
-5.535535535535536	1.1654682917830952e-5
-5.5155155155155144	1.175337129522698e-5
-5.495495495495495	1.1853660991814754e-5
-5.475475475475475	1.1955624200665304e-5
-5.455455455455455	1.2059341769052575e-5
-5.435435435435436	1.2164904762813092e-5
-5.415415415415414	1.227241637018541e-5
-5.395395395395395	1.2381994229284697e-5
-5.375375375375375	1.249377328684629e-5
-5.355355355355355	1.260790932665822e-5
-5.335335335335336	1.2724583346718995e-5
-5.315315315315314	1.2844007018078052e-5
-5.295295295295295	1.2966429530372978e-5
-5.275275275275275	1.3092146226026651e-5
-5.255255255255255	1.3221509556430702e-5
-5.235235235235236	1.3354943072743885e-5
-5.215215215215214	1.3492959410520748e-5
-5.195195195195195	1.3636183569151499e-5
-5.175175175175175	1.3785383264553162e-5
-5.155155155155155	1.3941508805976288e-5
-5.135135135135136	1.4105745902485539e-5
-5.115115115115114	1.427958617096986e-5
-5.095095095095095	1.4464922087891108e-5
-5.075075075075075	1.4664175988334414e-5
-5.055055055055055	1.4880476895332226e-5
-5.035035035035036	1.5117905090211311e-5
-5.015015015015014	1.538183332288268e-5
-4.994994994994995	1.5679406674654245e-5
-4.974974974974975	1.6020221923924664e-5
-4.954954954954955	1.6417293393210096e-5
-4.934934934934936	1.688842578024763e-5
-4.914914914914914	1.7458149647829903e-5
-4.894894894894895	1.816038825447182e-5
-4.874874874874875	1.904194173208957e-5
-4.854854854854855	2.016649717289017e-5
-4.834834834834836	2.1617717562729247e-5
-4.814814814814814	2.3497028045981243e-5
-4.794794794794795	2.590559557325785e-5
-4.774774774774775	2.889135782297622e-5
-4.754754754754755	3.2343363798625704e-5
-4.734734734734736	3.586547458369281e-5
-4.714714714714714	3.8780710331545664e-5
-4.694694694694695	4.043594825417096e-5
-4.674674674674675	4.062985029196622e-5
-4.654654654654653	3.969352137057957e-5
-4.634634634634636	3.817348532850716e-5
-4.614614614614614	3.6519414544461347e-5
-4.594594594594595	3.4988968077270796e-5
-4.574574574574575	3.368935453369311e-5
-4.554554554554553	3.2643236867111394e-5
-4.534534534534536	3.1835397059655604e-5
-4.514514514514514	3.1237953007909295e-5
-4.494494494494495	3.082194519459799e-5
-4.474474474474475	3.056186539934314e-5
-4.454454454454453	3.0436944903170358e-5
-4.4344344344344355	3.043111446135033e-5
-4.414414414414414	3.053251582386787e-5
-4.394394394394395	3.073294161980075e-5
-4.374374374374375	3.102735062484771e-5
-4.354354354354353	3.1413506476859325e-5
-4.3343343343343355	3.1891749073698404e-5
-4.314314314314314	3.246489592670293e-5
-4.2942942942942945	3.3138270603250514e-5
-4.2742742742742745	3.391986059405841e-5
-4.254254254254253	3.482061501633486e-5
-4.234234234234235	3.585490298669475e-5
-4.214214214214214	3.704116681163445e-5
-4.1941941941941945	3.840282168291849e-5
-4.1741741741741745	3.9969477515708e-5
-4.154154154154153	4.177859228891675e-5
-4.134134134134135	4.387771490442138e-5
-4.1141141141141135	4.632754722200755e-5
-4.094094094094094	4.9206162302423294e-5
-4.074074074074074	5.2614879553368304e-5
-4.054054054054053	5.668655110618185e-5
-4.034034034034035	6.159741349290186e-5
-4.014014014014013	6.758429966657183e-5
-3.9939939939939944	7.49700523673964e-5
-3.9739739739739743	8.420171672531963e-5
-3.953953953953953	9.590902243141372e-5
-3.933933933933935	0.00011099568719720295
-3.913913913913913	0.0001307847454566631
-3.8938938938938943	0.000157254028826936
-3.8738738738738743	0.000193422797820964
-3.853853853853853	0.0002439877290992015
-3.833833833833835	0.0003163424175067678
-3.813813813813813	0.0004220534962213586
-3.7937937937937942	0.0005782746687705285
-3.773773773773774	0.000805929891237899
-3.753753753753753	0.0011136809549282154
-3.733733733733735	0.0014505704563954774
-3.713713713713713	0.0016672982651114953
-3.693693693693694	0.001637022118073007
-3.673673673673674	0.001422442568279038
-3.653653653653653	0.0011676312679218825
-3.633633633633635	0.0009503569485562966
-3.6136136136136128	0.0007854172431573478
-3.593593593593594	0.0006647629110131649
-3.573573573573574	0.0005770919744463305
-3.5535535535535527	0.0005132045264979205
-3.533533533533535	0.00046653128088985837
-3.5135135135135127	0.0004325687236675443
-3.493493493493494	0.00040826484128151443
-3.473473473473474	0.00039156013625173293
-3.4534534534534527	0.00038107842617471447
-3.433433433433435	0.0003759267845891082
-3.4134134134134126	0.00037556952897703705
-3.393393393393394	0.000379752281588069
-3.3733733733733735	0.0003884612778751468
-3.3533533533533526	0.0004019096672282507
-3.333333333333335	0.00042054735419511455
-3.3133133133133126	0.0004450948951810178
-3.293293293293294	0.000476605966389897
-3.2732732732732734	0.0005165678938737215
-3.2532532532532525	0.0005670569563826428
-3.2332332332332347	0.0006309766704568578
-3.2132132132132125	0.000712426628664009
-3.193193193193194	0.0008172833435331761
-3.1731731731731734	0.0009541357570907148
-3.1531531531531525	0.0011358318936153155
-3.1331331331331347	0.0013821103798372259
-3.1131131131131125	0.0017242134911101274
-3.0930930930930938	0.0022132044625522212
-3.0730730730730733	0.002935258230517695
-3.0530530530530524	0.004039551689390465
-3.0330330330330346	0.005784441013783709
-3.0130130130130124	0.008581587528426124
-2.9929929929929937	0.012850108156728672
-2.9729729729729732	0.01799705238485205
-2.9529529529529523	0.020773083413048968
-2.9329329329329346	0.018665726906637283
-2.9129129129129123	0.014357654172182143
-2.8928928928928936	0.010638644127955723
-2.872872872872873	0.008051299592528429
-2.8528528528528523	0.006332934347937576
-2.8328328328328345	0.005184857604446413
-2.8128128128128123	0.0044039287472754495
-2.7927927927927936	0.0038649291945905507
-2.772772772772773	0.003491663189034642
-2.752752752752752	0.003237366016127189
-2.7327327327327318	0.003073159464230555
-2.712712712712712	0.0029814702992653186
-2.6926926926926935	0.0029523261765391166
-2.672672672672673	0.0029813491073863384
-2.652652652652652	0.00306882664231903
-2.6326326326326317	0.003219574060094034
-2.612612612612612	0.0034435225391121903
-2.5925925925925934	0.0037571614540375994
-2.572572572572573	0.004186201274324341
-2.552552552552552	0.004770205317332971
-2.5325325325325316	0.005570640759107911
-2.512512512512512	0.006685186175095327
-2.4924924924924934	0.008273993715828896
-2.472472472472473	0.010609650314590659
-2.452452452452452	0.014175199674500935
-2.4324324324324316	0.019857555350478496
-2.412412412412412	0.029296583681235073
-2.3923923923923933	0.045214359629167714
-2.372372372372373	0.06966466498080447
-2.352352352352352	0.09347964260610217
-2.3323323323323315	0.09245551979188318
-2.312312312312312	0.07031219910051327
-2.2922922922922933	0.049256319534013535
-2.272272272272273	0.035272127408201404
-2.252252252252252	0.02658419275911269
-2.2322322322322314	0.021124747123077662
-2.212212212212212	0.01760909294826113
-2.192192192192193	0.015310883653324003
-2.1721721721721727	0.013820619054398457
-2.152152152152152	0.012905259993306292
-2.1321321321321314	0.012434378748386151
-2.112112112112112	0.012342466437122423
-2.0920920920920913	0.012611084945765672
-2.0720720720720727	0.013263330553585152
-2.0520520520520518	0.014368212540947634
-2.0320320320320313	0.01605643207950542
-2.0120120120120117	0.018553746949957383
-1.9919919919919913	0.022246394691899266
-1.9719719719719722	0.027810286015321286
-1.9519519519519521	0.036473037289822006
-1.9319319319319312	0.05055214742644661
-1.9119119119119112	0.07448293781417539
-1.8918918918918912	0.11590931548345042
-1.871871871871872	0.18026709875517768
-1.851851851851852	0.23685960193759767
-1.8318318318318312	0.21918234281024357
-1.8118118118118112	0.1571411431328697
-1.7917917917917912	0.10727400855425119
-1.771771771771772	0.07657129949108744
-1.751751751751752	0.05828382983651409
-1.7317317317317311	0.04719782694178216
-1.711711711711711	0.040405438622299984
-1.691691691691691	0.03636178339216887
-1.671671671671672	0.03425902125067258
-1.651651651651652	0.03371080592877947
-1.631631631631631	0.034611352658082295
-1.611611611611611	0.03709680406125032
-1.591591591591591	0.041588567853101416
-1.571571571571572	0.048941544380584845
-1.551551551551551	0.060779917484712245
-1.531531531531531	0.08021423686447268
-1.511511511511511	0.1132967630136419
-1.491491491491491	0.17119578714294706
-1.4714714714714718	0.2669544222968106
-1.451451451451451	0.37365922586998357
-1.431431431431431	0.3767399208132428
-1.411411411411411	0.2788320632905906
-1.391391391391391	0.18965638877159346
-1.3713713713713718	0.1345709805255578
-1.3513513513513509	0.10277106637868043
-1.3313313313313309	0.08451799465376171
-1.3113113113113108	0.0744521492615517
-1.2912912912912908	0.06993057141593582
-1.2712712712712717	0.06986822449552574
-1.2512512512512508	0.07425545928248639
-1.2312312312312308	0.08415708911900498
-1.2112112112112108	0.10220460814337089
-1.1911911911911908	0.13385766513858907
-1.1711711711711716	0.18978639022612642
-1.1511511511511507	0.28682384827395174
-1.1311311311311307	0.4237402009221622
-1.1111111111111107	0.49575153133893185
-1.0910910910910907	0.4077665414086275
-1.0710710710710716	0.28371673118553786
-1.0510510510510507	0.20081384251965034
-1.0310310310310307	0.15396539371811221
-1.0110110110110107	0.1292048497561583
-0.9909909909909906	0.11847255544571704
-0.9709709709709715	0.11847637916277667
-0.9509509509509506	0.12932623654969375
-0.9309309309309306	0.15464181782306016
-0.9109109109109106	0.20324822733441203
-0.8908908908908906	0.29101171569097245
-0.8708708708708714	0.4265616687100787
-0.8508508508508505	0.5327983613933296
-0.8308308308308305	0.47477213872502155
-0.8108108108108105	0.3426650205851444
-0.7907907907907905	0.2477763646271891
-0.7707707707707714	0.19637377656980573
-0.7507507507507505	0.17426904973778368
-0.7307307307307305	0.1738289690282929
-0.7107107107107105	0.1952367394703952
-0.6906906906906904	0.24670378969412438
-0.6706706706706713	0.34324680200826707
-0.6506506506506504	0.47632715948487986
-0.6306306306306304	0.5293123739482422
-0.6106106106106104	0.43069360633840637
-0.5905905905905904	0.31581511015984104
-0.5705705705705713	0.24952975856109666
-0.5505505505505504	0.2259260791334394
-0.5305305305305303	0.23786603114474167
-0.5105105105105103	0.29002537888674074
-0.4904904904904903	0.39150426197473454
-0.4704704704704712	0.4989135122992598
-0.4504504504504503	0.479509509532454
-0.4304304304304303	0.3707813795890105
-0.41041041041041026	0.2951339418760725
-0.39039039039039025	0.2741897018560447
-0.3703703703703711	0.30541323565046796
-0.3503503503503502	0.3901701116443084
-0.3303303303303302	0.47805989519253345
-0.3103103103103102	0.44728201583215516
-0.2902902902902902	0.35713440358262705
-0.2702702702702702	0.3151795740825423
-0.25025025025025016	0.3392857082682328
-0.23023023023023015	0.4166665312470159
-0.21021021021021014	0.45542799998199757
-0.19019019019019012	0.39336705395234894
-0.1701701701701701	0.34776554392875153
-0.1501501501501501	0.37311594715570134
-0.13013013013013008	0.42965861693868396
-0.11011011011011007	0.4112518417139998
-0.09009009009009006	0.3722297521464717
-0.07007007007007005	0.3942481103465634
-0.05005005005005003	0.41457482935587225
-0.03003003003003002	0.38926379713327575
-0.010010010010010006	0.39999351433877345
0.010010010010010006	0.40146504459841764
0.03003003003003002	0.3881515275956156
0.05005005005005003	0.41352205670105335
0.07007007007007005	0.39782862864192436
0.09009009009009006	0.37118432206972973
0.11011011011011007	0.4059496415022927
0.13013013013013008	0.43268064662920286
0.1501501501501501	0.3793547613945285
0.1701701701701701	0.34656862857237886
0.19019019019019012	0.38450587122630236
0.21021021021021014	0.4515984216011363
0.23023023023023015	0.42706862419276564
0.25025025025025016	0.3471705197836116
0.2702702702702702	0.31420746023566526
0.2902902902902902	0.34667771675982395
0.3103103103103102	0.4332604424787764
0.3303303303303302	0.4823554635597904
0.3503503503503502	0.4065097451154591
0.37037037037037024	0.3153293218996789
0.39039039039039025	0.27534545518917203
0.41041041041041026	0.2873729862696851
0.4304304304304303	0.35300351852282436
0.4504504504504503	0.46105128010494245
0.4704704704704703	0.5070963288146417
0.4904904904904903	0.41389203259725066
0.5105105105105103	0.30492691577527486
0.5305305305305303	0.24387626492048128
0.5505505505505504	0.22476951977139786
0.5705705705705704	0.24081891549924975
0.5905905905905904	0.29697833056789047
0.6106106106106104	0.4026271235767898
0.6306306306306304	0.5172708041908561
0.6506506506506504	0.5007265295496367
0.6706706706706704	0.3706695992468993
0.6906906906906922	0.26282800210019414
0.7107107107107105	0.20260680801315706
0.7307307307307305	0.1753141403856316
0.7507507507507505	0.17078372489158852
0.7707707707707705	0.18701207694893632
0.7907907907907923	0.22966603402726288
0.8108108108108105	0.3121824085895893
0.8308308308308305	0.4406829148639556
0.8508508508508505	0.536680442452894
0.8708708708708706	0.46525079770600936
0.8908908908908924	0.3219695283393433
0.9109109109109106	0.22032624377400126
0.9309309309309306	0.1629783780494538
0.9509509509509506	0.1325234488427147
0.9709709709709706	0.11818362870748252
0.9909909909909924	0.11511451896102735
1.0110110110110107	0.12226147900165545
1.0310310310310307	0.14179462791876574
1.0510510510510507	0.18011268023582505
1.0710710710710707	0.24986431827865088
1.0910910910910925	0.3648414711080129
1.1111111111111107	0.48623887830491413
1.1311311311311307	0.46811936724795306
1.1511511511511507	0.3295265003629816
1.1711711711711708	0.21421507182467495
1.1911911911911925	0.14639359629889145
1.2112112112112108	0.10834715090774605
1.2312312312312308	0.08672468011938664
1.2512512512512508	0.07456354549765663
1.2712712712712708	0.06846140900233219
1.2912912912912926	0.06689656242065921
1.3113113113113108	0.0695026339298324
1.3313313313313309	0.07690198594550168
1.3513513513513509	0.09099097000822964
1.3713713713713709	0.1158304721539361
1.3913913913913927	0.15941024823701325
1.411411411411411	0.23469789057782556
1.431431431431431	0.3429831780339133
1.451451451451451	0.40217690026537817
1.471471471471471	0.32020308834970834
1.4914914914914927	0.2058209639120819
1.511511511511511	0.13146381126549325
1.531531531531531	0.08952532447713352
1.551551551551551	0.0655256393905636
1.571571571571571	0.051200019742201015
1.5915915915915928	0.04236577015227056
1.611611611611611	0.036883739708789866
1.631631631631631	0.03363260555393239
1.651651651651651	0.032032049353461836
1.671671671671671	0.03182561262190958
1.6916916916916929	0.032994437752896004
1.711711711711711	0.035754238056947774
1.7317317317317311	0.04063462545874034
1.7517517517517511	0.04868513293408325
1.7717717717717711	0.06192154467259348
1.791791791791793	0.08420700055794153
1.8118118118118112	0.12239355490136838
1.8318318318318312	0.18301800591171472
1.8518518518518512	0.24218672662879573
1.8718718718718712	0.22466639129141974
1.891891891891893	0.15141737607065028
1.9119119119119112	0.09401341276797893
1.9319319319319312	0.06073669324451821
1.9519519519519513	0.041885521328593
1.971971971971973	0.03073376829151112
1.991991991991993	0.02379444387287567
2.0120120120120117	0.019288662781749615
2.0320320320320313	0.016273412961948883
2.0520520520520513	0.014225529335038402
2.072072072072073	0.012843804082734505
2.092092092092093	0.01195170912741318
2.112112112112112	0.01144809323954149
2.1321321321321314	0.011282256347323742
2.1521521521521514	0.011442810842164603
2.172172172172173	0.011956077320586202
2.192192192192193	0.012893636057212813
2.212212212212212	0.01439236275896425
2.2322322322322314	0.016695913469721272
2.2522522522522515	0.020237248010401256
2.2722722722722732	0.02580100644345601
2.2922922922922933	0.034820092902473225
2.312312312312312	0.04970384507299888
2.3323323323323315	0.07262341082113388
2.3523523523523515	0.09591718726734061
2.3723723723723733	0.09308166834568246
2.3923923923923933	0.0656143084417226
2.412412412412412	0.04121114911312132
2.4324324324324316	0.02633637420919382
2.4524524524524516	0.017762231178153627
2.4724724724724734	0.012661145682788498
2.4924924924924934	0.0094751447288935
2.512512512512512	0.007391016785216889
2.5325325325325316	0.00597303499240098
2.5525525525525516	0.004977244066457839
2.5725725725725734	0.004260841460725434
2.5925925925925934	0.003736848989934382
2.612612612612612	0.0033505228070617996
2.6326326326326317	0.003066569260132128
2.6526526526526517	0.002861967043325921
2.6726726726726735	0.0027218350479828036
2.6926926926926935	0.002637043975824057
2.712712712712712	0.0026028996280006446
2.7327327327327318	0.002618563995909843
2.7527527527527518	0.0026870871164153542
2.7727727727727736	0.002816084997600966
2.7927927927927936	0.003019280310614047
2.8128128128128123	0.0033193955376430847
2.832832832832832	0.0037533660815835027
2.852852852852852	0.004381704487216656
2.8728728728728736	0.005305259254879432
2.8928928928928936	0.006693786892456399
2.9129129129129123	0.008824014592350354
2.932932932932932	0.01206494718666037
2.952952952952952	0.01646090539116414
2.9729729729729737	0.020159523211559525
2.9929929929929937	0.019224872207272706
3.0130130130130124	0.014219558188740307
3.033033033033032	0.00938652380517678
3.053053053053052	0.006164926630185949
3.0730730730730738	0.004195008040806068
3.0930930930930938	0.0029806720844032975
3.1131131131131125	0.0022056698441339784
3.133133133133132	0.0016914518027859773
3.153153153153154	0.001337704312440724
3.173173173173174	0.001086507827004877
3.193193193193194	0.0009032155265685574
3.2132132132132125	0.0007663536732257289
3.233233233233232	0.0006621686179364792
3.253253253253254	0.0005815884383388309
3.273273273273274	0.0005184729448758607
3.293293293293294	0.0004685732138451227
3.3133133133133126	0.00042889468450213073
3.333333333333332	0.00039729709264763936
3.353353353353354	0.00037223764832435387
3.373373373373374	0.00035260347628223115
3.393393393393394	0.0003376014735722514
3.4134134134134126	0.00032668652646330196
3.433433433433432	0.00031951671679572287
3.453453453453454	0.00031592904350846875
3.473473473473474	0.0003159326160227506
3.493493493493494	0.00031971908933426464
3.5135135135135127	0.00032769295502011256
3.5335335335335323	0.00034052781195202767
3.553553553553554	0.00035925965784612394
3.573573573573574	0.0003854354142876485
3.593593593593594	0.00042134474636339387
3.6136136136136128	0.00047037315324274093
3.6336336336336323	0.0005375082323418958
3.653653653653654	0.0006299412667116935
3.673673673673674	0.0007572851933212751
3.693693693693694	0.0009294036474712375
3.713713713713713	0.0011456661532460884
3.7337337337337324	0.0013652124333581924
3.753753753753754	0.0014758180311080552
3.773773773773774	0.0013676632167448108
3.7937937937937942	0.0010928608578614617
3.813813813813813	0.000801257096771277
3.8338338338338325	0.0005732366430254718
3.8538538538538543	0.0004144950333835332
3.8738738738738743	0.000307359840945222
3.8938938938938943	0.0002346770788235721
3.913913913913913	0.00018441554265363974
3.9339339339339325	0.00014883582352076235
3.9539539539539543	0.00012304603545143207
3.9739739739739743	0.0001039294738431961
3.9939939939939944	8.946488789945763e-5
4.014014014014013	7.831358817261888e-5
4.034034034034033	6.956969479054809e-5
4.054054054054054	6.260738897540235e-5
4.074074074074074	5.698586368352021e-5
4.094094094094094	5.238901233900435e-5
4.114114114114113	4.8586391322092974e-5
4.134134134134133	4.540745868535057e-5
4.1541541541541545	4.2724258450072324e-5
4.1741741741741745	4.0439579045064464e-5
4.1941941941941945	3.847872408810461e-5
4.214214214214213	3.6783707774631665e-5
4.234234234234233	3.530910397134253e-5
4.2542542542542545	3.4019040420688885e-5
4.2742742742742745	3.288499733806376e-5
4.2942942942942945	3.188417887419995e-5
4.314314314314313	3.099829804315871e-5
4.334334334334333	3.0212664074759437e-5
4.354354354354355	2.9515494041743314e-5
4.374374374374375	2.8897393298659494e-5
4.394394394394395	2.8350965130572275e-5
4.414414414414413	2.787052123469371e-5
4.434434434434436	2.745187266300609e-5
4.454454454454455	2.7092186524307268e-5
4.474474474474475	2.678989755837816e-5
4.494494494494495	2.654466574945386e-5
4.514514514514513	2.6357371071423644e-5
4.5345345345345365	2.6230133182792283e-5
4.554554554554555	2.6166335168459498e-5
4.574574574574575	2.6170611975093267e-5
4.594594594594595	2.6248728275726546e-5
4.614614614614613	2.6407203978090698e-5
4.6346346346346365	2.6652428294768688e-5
4.654654654654655	2.6988811059555088e-5
4.674674674674675	2.741524618293218e-5
4.694694694694695	2.7918893961814306e-5
4.714714714714713	2.8465405407361726e-5
4.734734734734737	2.898622778482544e-5
4.754754754754755	2.9368257781508122e-5
4.774774774774775	2.945923712819162e-5
4.794794794794795	2.9106619388966425e-5
4.814814814814813	2.8229854871451826e-5
4.834834834834837	2.6882419091045926e-5
4.854854854854855	2.5242320590354285e-5
4.874874874874875	2.3529480296891158e-5
4.894894894894895	2.191889613014148e-5
4.914914914914913	2.0505264742686094e-5
4.934934934934937	1.9314841113304476e-5
4.954954954954955	1.8333546565516013e-5
4.974974974974975	1.7530533712344088e-5
4.994994994994995	1.687202728538187e-5
5.015015015015013	1.632759268461101e-5
5.035035035035037	1.5872100390058283e-5
5.055055055055055	1.5485697649480525e-5
5.075075075075075	1.5153048972133276e-5
5.095095095095095	1.48624306030264e-5
5.115115115115113	1.4604909052552519e-5
5.135135135135137	1.437366980032285e-5
5.155155155155155	1.4163495405044053e-5
5.175175175175175	1.397036991141749e-5
5.195195195195195	1.3791182689114683e-5
5.215215215215213	1.3623507821070925e-5
5.235235235235237	1.3465439861232377e-5
5.255255255255255	1.3315471290281544e-5
5.275275275275275	1.3172400724863492e-5
5.295295295295295	1.303526381980512e-5
5.315315315315313	1.2903280960576681e-5
5.335335335335337	1.2775817429363744e-5
5.355355355355355	1.2652352883817541e-5
5.375375375375375	1.2532457826698036e-5
5.395395395395395	1.2415775353824577e-5
5.4154154154154135	1.2302006910884422e-5
5.435435435435437	1.2190901113080203e-5
5.455455455455455	1.2082244918670128e-5
5.475475475475475	1.197585662207473e-5
5.495495495495495	1.1871580261519498e-5
5.515515515515514	1.17692811324362e-5
5.535535535535537	1.1668842169901444e-5
5.555555555555555	1.1570161017630576e-5
5.575575575575575	1.1473147642098815e-5
5.595595595595595	1.1377722381606652e-5
5.615615615615614	1.1283814344010512e-5
5.635635635635637	1.1191360085226097e-5
5.655655655655655	1.1100302514824521e-5
5.675675675675675	1.1010589986082315e-5
5.6956956956956954	1.0922175536466523e-5
5.715715715715717	1.083501625129476e-5
5.735735735735737	1.0749072728636313e-5
5.7557557557557555	1.0664308627733765e-5
5.7757757757757755	1.0580690286573402e-5
5.7957957957957955	1.0498186396904507e-5
5.815815815815817	1.0416767727147761e-5
5.835835835835837	1.0336406885354649e-5
5.8558558558558556	1.0257078115768726e-5
5.875875875875876	1.0178757123665518e-5
5.895895895895896	1.0101420924062641e-5
5.915915915915917	1.0025047710638042e-5
5.935935935935937	9.949616741805347e-6
5.955955955955956	9.875108241396453e-6
5.975975975975976	9.80150331181483e-6
5.995995995995996	9.728783857863926e-6
6.016016016016017	9.656932519737676e-6
6.0360360360360374	9.585932613895045e-6
6.056056056056057	9.51576808073592e-6
6.076076076076077	9.446423438159221e-6
6.096096096096095	9.377883740220804e-6
6.1161161161161175	9.31013454022351e-6
6.1361361361361375	9.243161857668713e-6
6.156156156156157	9.176952148579746e-6
6.176176176176177	9.111492278777119e-6
6.196196196196195	9.046769499743548e-6
6.216216216216218	8.982771426766484e-6
6.236236236236238	8.919486019088362e-6
6.256256256256257	8.856901561830445e-6
6.276276276276277	8.795006649487394e-6
6.296296296296295	8.733790170815839e-6
6.316316316316318	8.673241294962882e-6
6.336336336336338	8.613349458700247e-6
6.356356356356357	8.554104354646121e-6
6.376376376376377	8.495495920371736e-6
6.396396396396395	8.437514328301937e-6
6.416416416416418	8.380149976329932e-6
6.436436436436438	8.323393479076034e-6
6.456456456456457	8.267235659728025e-6
6.476476476476477	8.211667542408369e-6
6.496496496496495	8.156680345019418e-6
6.516516516516518	8.102265472523257e-6
6.536536536536538	8.0484145106178e-6
6.556556556556557	7.99511921977457e-6
6.576576576576577	7.94237152960766e-6
6.596596596596595	7.890163533546362e-6
6.616616616616618	7.838487483786794e-6
6.636636636636638	7.787335786500588e-6
6.656656656656657	7.736700997280563e-6
6.676676676676677	7.68657581680566e-6
6.696696696696695	7.6369530867089e-6
6.716716716716718	7.587825785633712e-6
6.736736736736738	7.539187025465522e-6
6.756756756756757	7.4910300477263996e-6
6.776776776776777	7.443348220122024e-6
6.796796796796795	7.3961350332309526e-6
6.816816816816818	7.349384097327067e-6
6.836836836836838	7.303089139327068e-6
6.856856856856857	7.257243999855223e-6
6.876876876876877	7.211842630418604e-6
6.896896896896898	7.166879090686343e-6
6.916916916916918	7.122347545867035e-6
6.936936936936938	7.0782422641788835e-6
6.956956956956957	7.034557614407613e-6
6.976976976976977	6.991288063547513e-6
6.996996996996998	6.948428174521357e-6
7.017017017017018	6.905972603975218e-6
7.037037037037038	6.863916100144512e-6
7.057057057057057	6.822253500787843e-6
7.077077077077077	6.7809797311854666e-6
7.097097097097098	6.740089802199401e-6
7.117117117117118	6.699578808392403e-6
7.137137137137138	6.6594419262032e-6
7.157157157157157	6.6196744121755716e-6
7.177177177177177	6.580271601238969e-6
7.197197197197198	6.541228905038555e-6
7.217217217217218	6.502541810312623e-6
7.237237237237238	6.464205877315508e-6
7.257257257257257	6.426216738284205e-6
7.277277277277277	6.388570095946984e-6
7.297297297297298	6.35126172207244e-6
7.317317317317318	6.314287456057431e-6
7.337337337337338	6.277643203552485e-6
7.357357357357357	6.241324935123335e-6
7.377377377377377	6.205328684947272e-6
7.397397397397398	6.169650549543108e-6
7.417417417417418	6.134286686533588e-6
7.437437437437438	6.099233313439109e-6
7.4574574574574575	6.064486706501757e-6
7.4774774774774775	6.030043199538586e-6
7.497497497497498	5.995899182823236e-6
7.517517517517518	5.9620511019949355e-6
7.537537537537538	5.9284954569940284e-6
7.5575575575575575	5.8952288010231914e-6
7.5775775775775776	5.862247739533522e-6
7.5975975975975985	5.829548929234762e-6
7.6176176176176185	5.797129077128876e-6
7.6376376376376385	5.7649849395663165e-6
7.657657657657658	5.733113321324275e-6
7.677677677677678	5.701511074706279e-6
7.6976976976976985	5.670175098662505e-6
7.7177177177177185	5.6391023379302135e-6
7.7377377377377385	5.6082897821937085e-6
7.757757757757758	5.577734465263284e-6
7.777777777777778	5.547433464272615e-6
7.797797797797799	5.517383898894076e-6
7.817817817817819	5.487582930571488e-6
7.837837837837839	5.458027761769809e-6
7.857857857857858	5.4287156352413174e-6
7.877877877877878	5.3996438333078245e-6
7.897897897897899	5.370809677158508e-6
7.917917917917919	5.342210526162927e-6
7.937937937937939	5.313843777198815e-6
7.957957957957958	5.285706863994284e-6
7.977977977977978	5.25779725648404e-6
7.997997997997999	5.230112460179259e-6
8.018018018018019	5.202650015550774e-6
8.038038038038039	5.1754074974251995e-6
8.058058058058059	5.148382514393717e-6
8.078078078078079	5.1215727082331525e-6
8.098098098098099	5.094975753339068e-6
8.118118118118119	5.068589356170548e-6
8.138138138138139	5.042411254706399e-6
8.158158158158159	5.016439217912474e-6
8.178178178178179	4.990671045219858e-6
8.198198198198199	4.965104566013636e-6
8.218218218218219	4.939737639131996e-6
8.238238238238239	4.91456815237541e-6
8.258258258258259	4.889594022025656e-6
8.278278278278279	4.8648131923744445e-6
8.298298298298299	4.840223635261411e-6
8.318318318318319	4.8158233496212695e-6
8.338338338338339	4.791610361039896e-6
8.358358358358359	4.7675827213191385e-6
8.378378378378379	4.743738508050151e-6
8.398398398398399	4.720075824195045e-6
8.418418418418419	4.696592797676682e-6
8.438438438438439	4.673287580976398e-6
8.458458458458459	4.650158350739495e-6
8.478478478478479	4.627203307388317e-6
8.498498498498499	4.604420674742733e-6
8.518518518518519	4.581808699647869e-6
8.538538538538539	4.559365651608909e-6
8.558558558558559	4.537089822432831e-6
8.578578578578579	4.514979525876901e-6
8.598598598598599	4.49303309730378e-6
8.618618618618619	4.471248893343103e-6
8.63863863863864	4.449625291559387e-6
8.65865865865866	4.4281606901261195e-6
8.67867867867868	4.406853507505898e-6
8.6986986986987	4.385702182136494e-6
8.71871871871872	4.364705172122699e-6
8.73873873873874	4.3438609549338424e-6
8.75875875875876	4.3231680271068444e-6
8.77877877877878	4.302624903954696e-6
8.7987987987988	4.2822301192802476e-6
8.81881881881882	4.261982225095185e-6
8.83883883883884	4.241879791344091e-6
8.85885885885886	4.2219214056334856e-6
8.87887887887888	4.202105672965731e-6
8.8988988988989	4.182431215477708e-6
8.91891891891892	4.162896672184155e-6
8.93893893893894	4.1435006987255845e-6
8.95895895895896	4.1242419671206655e-6
8.97897897897898	4.105119165522998e-6
8.998998998999	4.086130997982168e-6
9.01901901901902	4.067276184209014e-6
9.03903903903904	4.0485534593450045e-6
9.05905905905906	4.0299615737356504e-6
9.07907907907908	4.011499292707867e-6
9.0990990990991	3.993165396351203e-6
9.11911911911912	3.974958679302865e-6
9.13913913913914	3.9568779505364506e-6
9.15915915915916	3.938922033154326e-6
9.17917917917918	3.9210897641835675e-6
9.1991991991992	3.9033799943754e-6
9.21921921921922	3.885791588008057e-6
9.23923923923924	3.868323422692999e-6
9.25925925925926	3.85097438918443e-6
9.27927927927928	3.833743391192023e-6
9.2992992992993	3.816629345196827e-6
9.31931931931932	3.799631180270255e-6
9.33933933933934	3.782747837896127e-6
9.35935935935936	3.765978271795681e-6
9.37937937937938	3.7493214477555113e-6
9.3993993993994	3.732776343458371e-6
9.41941941941942	3.7163419483167814e-6
9.43943943943944	3.7000172633094014e-6
9.45945945945946	3.6838013008200925e-6
9.47947947947948	3.6676930844796396e-6
9.4994994994995	3.6516916490100693e-6
9.51951951951952	3.6357960400715163e-6
9.53953953953954	3.620005314111596e-6
9.55955955955956	3.604318538217225e-6
9.57957957957958	3.5887347899688553e-6
9.5995995995996	3.573253157297064e-6
9.61961961961962	3.557872738341469e-6
9.63963963963964	3.5425926413119094e-6
9.65965965965966	3.5274119843518657e-6
9.67967967967968	3.5123298954040664e-6
9.6996996996997	3.4973455120782437e-6
9.71971971971972	3.4824579815209986e-6
9.73973973973974	3.467666460287739e-6
9.75975975975976	3.452970114216647e-6
9.77977977977978	3.4383681183046428e-6
9.7997997997998	3.423859656585306e-6
9.81981981981982	3.4094439220087187e-6
9.83983983983984	3.3951201163231986e-6
9.85985985985986	3.380887449958882e-6
9.87987987987988	3.3667451419131287e-6
9.8998998998999	3.352692419637709e-6
9.91991991991992	3.338728518927751e-6
9.93993993993994	3.3248526838124068e-6
9.95995995995996	3.3110641664472086e-6
9.97997997997998	3.2973622270080903e-6
10.0	3.2837461335870374e-6
