-10.0	3.283736754967714e-6
-9.97997997997998	3.297352704776365e-6
-9.95995995995996	3.311054497709104e-6
-9.93993993993994	3.3248428656031115e-6
-9.91991991991992	3.3387185482096e-6
-9.8998998998999	3.3526822932980994e-6
-9.87987987987988	3.36673485676237e-6
-9.85985985985986	3.380877002727972e-6
-9.83983983983984	3.3951095036615304e-6
-9.81981981981982	3.40943314048171e-6
-9.7997997997998	3.4238487026719534e-6
-9.77977977977978	3.4383569883949924e-6
-9.75975975975976	3.452958804609182e-6
-9.73973973973974	3.4676549671866823e-6
-9.71971971971972	3.4824463010335235e-6
-9.6996996996997	3.4973336402115914e-6
-9.67967967967968	3.5123178280625683e-6
-9.65965965965966	3.5273997173338623e-6
-9.63963963963964	3.542580170306569e-6
-9.61961961961962	3.5578600589254945e-6
-9.5995995995996	3.5732402649312906e-6
-9.57957957957958	3.5887216799947284e-6
-9.55955955955956	3.604305205853162e-6
-9.53953953953954	3.6199917544492184e-6
-9.51951951951952	3.635782248071754e-6
-9.4994994994995	3.6516776194991285e-6
-9.47947947947948	3.667678812144832e-6
-9.45945945945946	3.683786780205516e-6
-9.43943943943944	3.7000024888114735e-6
-9.41941941941942	3.7163269141796115e-6
-9.3993993993994	3.7327610437689703e-6
-9.37937937937938	3.749305876438836e-6
-9.35935935935936	3.765962422609494e-6
-9.33933933933934	3.7827317044256803e-6
-9.31931931931932	3.79961475592278e-6
-9.2992992992993	3.816612623195827e-6
-9.27927927927928	3.83372636457136e-6
-9.25925925925926	3.850957050782195e-6
-9.23923923923924	3.8683057651451666e-6
-9.21921921921922	3.885773603741897e-6
-9.1991991991992	3.90336167560266e-6
-9.17917917917918	3.921071102893396e-6
-9.15915915915916	3.93890302110594e-6
-9.13913913913914	3.956858579251529e-6
-9.11911911911912	3.97493894005766e-6
-9.0990990990991	3.993145280168361e-6
-9.07907907907908	4.0114787903479365e-6
-9.05905905905906	4.029940675688279e-6
-9.03903903903904	4.048532155819798e-6
-9.01901901901902	4.067254465126053e-6
-8.998998998999	4.086108852962168e-6
-8.97897897897898	4.105096583877084e-6
-8.95895895895896	4.12421893783977e-6
-8.93893893893894	4.143477210469429e-6
-8.91891891891892	4.162872713269811e-6
-8.8988988988989	4.182406773867716e-6
-8.87887887887888	4.202080736255759e-6
-8.85885885885886	4.221895961039506e-6
-8.83883883883884	4.241853825689062e-6
-8.81881881881882	4.261955724795207e-6
-8.7987987987988	4.282203070330176e-6
-8.77877877877878	4.302597291913182e-6
-8.75875875875876	4.323139837080795e-6
-8.73873873873874	4.343832171562255e-6
-8.71871871871872	4.3646757795598534e-6
-8.6986986986987	4.385672164034472e-6
-8.67867867867868	4.406822846996409e-6
-8.65865865865866	4.428129369801581e-6
-8.63863863863864	4.449593293453258e-6
-8.618618618618619	4.471216198909405e-6
-8.598598598598599	4.4929996873957976e-6
-8.578578578578579	4.514945380725008e-6
-8.558558558558559	4.537054921621408e-6
-8.538538538538539	4.559329974052322e-6
-8.518518518518519	4.5817722235654526e-6
-8.498498498498499	4.604383377632741e-6
-8.478478478478479	4.627165166000794e-6
-8.458458458458459	4.650119341048025e-6
-8.438438438438439	4.673247678148674e-6
-8.418418418418419	4.696551976043839e-6
-8.398398398398399	4.72003405721972e-6
-8.378378378378379	4.74369576829319e-6
-8.358358358358359	4.767538980404905e-6
-8.338338338338339	4.791565589620111e-6
-8.318318318318319	4.815777517337321e-6
-8.298298298298299	4.840176710705061e-6
-8.278278278278279	4.864765143046862e-6
-8.258258258258259	4.889544814294699e-6
-8.238238238238239	4.91451775143108e-6
-8.218218218218219	4.9396860089399825e-6
-8.198198198198199	4.9650516692668594e-6
-8.178178178178179	4.990616843287926e-6
-8.158158158158159	5.0163836707889555e-6
-8.138138138138139	5.042354320953815e-6
-8.118118118118119	5.068530992862977e-6
-8.098098098098099	5.09491591600226e-6
-8.078078078078079	5.121511350782038e-6
-8.058058058058059	5.148319589067194e-6
-8.038038038038039	5.175342954718074e-6
-8.018018018018019	5.202583804142725e-6
-7.997997997997999	5.230044526860708e-6
-7.977977977977979	5.257727546078765e-6
-7.957957957957959	5.28563531927866e-6
-7.937937937937939	5.313770338817501e-6
-7.917917917917919	5.3421351325408644e-6
-7.897897897897899	5.370732264409071e-6
-7.877877877877879	5.399564335136941e-6
-7.857857857857859	5.428633982847396e-6
-7.837837837837839	5.457943883739287e-6
-7.817817817817819	5.48749675276981e-6
-7.797797797797799	5.517295344351931e-6
-7.777777777777779	5.5473424530672095e-6
-7.7577577577577586	5.5776409143944655e-6
-7.7377377377377385	5.608193605454716e-6
-7.7177177177177185	5.6390034457728475e-6
-7.6976976976976985	5.670073398056503e-6
-7.6776776776776785	5.7014064689926645e-6
-7.6576576576576585	5.733005710062464e-6
-7.6376376376376385	5.7648742183747315e-6
-7.6176176176176185	5.797015137518864e-6
-7.5975975975975985	5.829431658437566e-6
-7.577577577577578	5.862127020320089e-6
-7.557557557557558	5.895104511516575e-6
-7.537537537537538	5.9283674704741875e-6
-7.517517517517518	5.961919286695681e-6
-7.497497497497498	5.99576340172116e-6
-7.477477477477478	6.0299033101337575e-6
-7.457457457457458	6.064342560590022e-6
-7.437437437437438	6.099084756875836e-6
-7.417417417417418	6.134133558988747e-6
-7.397397397397398	6.169492684247589e-6
-7.377377377377378	6.2051659084303875e-6
-7.357357357357358	6.2411570669415275e-6
-7.337337337337338	6.277470056009267e-6
-7.317317317317318	6.314108833914705e-6
-7.297297297297298	6.3510774222534125e-6
-7.277277277277277	6.388379907230959e-6
-7.257257257257258	6.426020440993689e-6
-7.237237237237238	6.464003242996179e-6
-7.217217217217218	6.502332601406844e-6
-7.197197197197198	6.541012874553346e-6
-7.177177177177177	6.580048492409504e-6
-7.157157157157158	6.619443958125539e-6
-7.137137137137138	6.6592038496036495e-6
-7.117117117117118	6.699332821120988e-6
-7.097097097097098	6.739835605002359e-6
-7.077077077077077	6.780717013345052e-6
-7.057057057057058	6.821981939798476e-6
-7.037037037037038	6.863635361401455e-6
-7.017017017017018	6.905682340480253e-6
-6.996996996996998	6.948128026610736e-6
-6.976976976976977	6.990977658648312e-6
-6.956956956956957	7.034236566829631e-6
-6.936936936936938	7.0779101749504365e-6
-6.916916916916918	7.122004002624321e-6
-6.896896896896898	7.166523667627621e-6
-6.876876876876877	7.211474888336243e-6
-6.856856856856857	7.2568634862607276e-6
-6.836836836836838	7.302695388686601e-6
-6.816816816816818	7.3489766314277354e-6
-6.796796796796798	7.3957133617013135e-6
-6.776776776776777	7.442911841133972e-6
-6.756756756756757	7.490578448909725e-6
-6.736736736736738	7.538719685071552e-6
-6.716716716716718	7.587342173989888e-6
-6.696696696696698	7.63645266801286e-6
-6.676676676676677	7.68605805131496e-6
-6.656656656656657	7.736165343962861e-6
-6.636636636636637	7.786781706219547e-6
-6.616616616616618	7.837914443110533e-6
-6.596596596596598	7.889571009279218e-6
-6.576576576576577	7.941759014161902e-6
-6.556556556556557	7.994486227517208e-6
-6.536536536536537	8.047760585349465e-6
-6.516516516516518	8.101590196271015e-6
-6.496496496496498	8.155983348355015e-6
-6.476476476476477	8.21094851653752e-6
-6.456456456456457	8.266494370636452e-6
-6.436436436436437	8.322629784065033e-6
-6.416416416416418	8.379363843328886e-6
-6.396396396396398	8.436705858409886e-6
-6.376376376376377	8.49466537415561e-6
-6.356356356356357	8.553252182812162e-6
-6.336336336336337	8.612476337860047e-6
-6.316316316316315	8.67234816933865e-6
-6.296296296296298	8.732878300875345e-6
-6.276276276276277	8.79407766867135e-6
-6.256256256256257	8.85595754273867e-6
-6.236236236236237	8.918529550733259e-6
-6.216216216216215	8.981805704788991e-6
-6.1961961961961975	9.045798431828301e-6
-6.176176176176177	9.110520607910201e-6
-6.156156156156157	9.175985597277175e-6
-6.136136136136137	9.242207296884064e-6
-6.116116116116115	9.309200187336617e-6
-6.0960960960960975	9.376979391341911e-6
-6.076076076076077	9.445560740982696e-6
-6.056056056056057	9.51496085538025e-6
-6.036036036036037	9.585197230616659e-6
-6.016016016016015	9.656288344156994e-6
-5.995995995995996	9.728253776461404e-6
-5.975975975975976	9.801114353023056e-6
-5.955955955955956	9.874892310732841e-6
-5.9359359359359365	9.949611493283618e-6
-5.915915915915915	1.0025297581318853e-5
-5.895895895895896	1.0101978364245449e-5
-5.875875875875876	1.017968406212092e-5
-5.8558558558558556	1.0258447707854385e-5
-5.835835835835836	1.0338305602210757e-5
-5.815815815815815	1.041929785687476e-5
-5.7957957957957955	1.0501469044237618e-5
-5.7757757757757755	1.0584868976761347e-5
-5.7557557557557555	1.0669553643930024e-5
-5.735735735735736	1.075558634112664e-5
-5.715715715715715	1.0843039032523357e-5
-5.6956956956956954	1.093199399952233e-5
-5.675675675675675	1.1022545837736262e-5
-5.655655655655655	1.1114803879252412e-5
-5.635635635635636	1.1208895133234085e-5
-5.6156156156156145	1.13049678568912e-5
-5.595595595595595	1.1403195890314582e-5
-5.575575575575575	1.1503783911873817e-5
-5.555555555555555	1.1606973794080026e-5
-5.535535535535536	1.171305225955969e-5
-5.5155155155155144	1.1822360046789225e-5
-5.495495495495495	1.1935302784677017e-5
-5.475475475475475	1.2052363726035933e-5
-5.455455455455455	1.2174118373854278e-5
-5.435435435435436	1.2301250806983266e-5
-5.415415415415414	1.2434571108348755e-5
-5.395395395395395	1.2575032628215946e-5
-5.375375375375375	1.2723746760737363e-5
-5.355355355355355	1.2881991344981995e-5
-5.335335335335336	1.3051206623710999e-5
-5.315315315315314	1.3232969936177487e-5
-5.295295295295295	1.3428937334906469e-5
-5.275275275275275	1.3640738063552784e-5
-5.255255255255255	1.3869808239464028e-5
-5.235235235235236	1.4117156212355982e-5
-5.215215215215214	1.4383067579183822e-5
-5.195195195195195	1.466678494983141e-5
-5.175175175175175	1.4966233128771386e-5
-5.155155155155155	1.5277891461925688e-5
-5.135135135135136	1.559691877106566e-5
-5.115115115115114	1.591758995142061e-5
-5.095095095095095	1.6234005444149008e-5
-5.075075075075075	1.6540921417952213e-5
-5.055055055055055	1.6834481896380935e-5
-5.035035035035036	1.711266036359074e-5
-5.015015015015014	1.7375327681189663e-5
-4.994994994994995	1.762399399948494e-5
-4.974974974974975	1.7861358705571614e-5
-4.954954954954955	1.809081749564841e-5
-4.934934934934936	1.8316036720293942e-5
-4.914914914914914	1.85406479633631e-5
-4.894894894894895	1.87680683086856e-5
-4.874874874874875	1.9001424636575282e-5
-4.854854854854855	1.924355140362442e-5
-4.834834834834836	1.949703363223115e-5
-4.814814814814814	1.976427373662029e-5
-4.794794794794795	2.0047568239327885e-5
-4.774774774774775	2.034918653379309e-5
-4.754754754754755	2.067144818249045e-5
-4.734734734734736	2.101679802530524e-5
-4.714714714714714	2.1387880029269512e-5
-4.694694694694695	2.178761173935174e-5
-4.674674674674675	2.2219261699619832e-5
-4.654654654654653	2.268653251702374e-5
-4.634634634634636	2.3193652471775718e-5
-4.614614614614614	2.3745478820878502e-5
-4.594594594594595	2.434761624228344e-5
-4.574574574574575	2.500655425237808e-5
-4.554554554554553	2.572982791075477e-5
-4.534534534534536	2.6526206704089863e-5
-4.514514514514514	2.7405917163948686e-5
-4.494494494494495	2.8380905493235605e-5
-4.474474474474475	2.9465147199155646e-5
-4.454454454454453	3.067501136357966e-5
-4.4344344344344355	3.20296875704411e-5
-4.414414414414414	3.3551683408551874e-5
-4.394394394394395	3.526739949717177e-5
-4.374374374374375	3.720778656962199e-5
-4.354354354354353	3.940908446214239e-5
-4.3343343343343355	4.191363470864041e-5
-4.314314314314314	4.477074522644915e-5
-4.2942942942942945	4.8037565212191335e-5
-4.2742742742742745	5.177989836242359e-5
-4.254254254254253	5.607284029563991e-5
-4.234234234234235	6.100106961940742e-5
-4.214214214214214	6.665855161206425e-5
-4.1941941941941945	7.314733380334138e-5
-4.1741741741741745	8.057503721758477e-5
-4.154154154154153	8.905060246380613e-5
-4.134134134134135	9.867788065623295e-5
-4.1141141141141135	0.0001095468272296839
-4.094094094094094	0.000121722430113567
-4.074074074074074	0.000135232126171395
-4.054054054054053	0.00015005329793817222
-4.034034034034035	0.00016610332419517384
-4.014014014014013	0.0001832352418842762
-3.9939939939939944	0.0002012419197645252
-3.9739739739739743	0.00021987040372191234
-3.953953953953953	0.00023884581577366163
-3.933933933933935	0.00025790149069632287
-3.913913913913913	0.00027680995933051096
-3.8938938938938943	0.0002954088977140184
-3.8738738738738743	0.0003136175543701193
-3.853853853853853	0.0003314418613732391
-3.833833833833835	0.00034896930256468264
-3.813813813813813	0.0003663566251146312
-3.7937937937937942	0.0003838141815920962
-3.773773773773774	0.000401590246355912
-3.753753753753753	0.00041995757714848655
-3.733733733733735	0.00043920331580322823
-3.713713713713713	0.0004596223781152989
-3.693693693693694	0.0004815138906496529
-3.673673673673674	0.0005051799594037502
-3.653653653653653	0.0005309260052704503
-3.633633633633635	0.0005590619743982468
-3.6136136136136128	0.0005899038531683161
-3.593593593593594	0.0006237750432745007
-3.573573573573574	0.0006610072625365511
-3.5535535535535527	0.0007019407279269166
-3.533533533533535	0.000746923453982977
-3.5135135135135127	0.0007963095711061345
-3.493493493493494	0.0008504566433209157
-3.473473473473474	0.0009097220510228257
-3.4534534534534527	0.0009744586045090417
-3.433433433433435	0.0010450096668965325
-3.4134134134134126	0.0011217041823176216
-3.393393393393394	0.0012048521123357535
-3.3733733733733735	0.001294740859997302
-3.3533533533533526	0.0013916332836641761
-3.333333333333335	0.0014957678505374736
-3.3133133133133126	0.0016073613393911197
-3.293293293293294	0.0017266142743438504
-3.2732732732732734	0.00185371897534474
-3.2532532532532525	0.0019888697831193184
-3.2332332332332347	0.0021322747059440003
-3.2132132132132125	0.0022841674950356923
-3.193193193193194	0.0024448190280318646
-3.1731731731731734	0.002614546890500763
-3.1531531531531525	0.0027937221938622377
-3.1331331331331347	0.0029827729315885262
-3.1131131131131125	0.0031821835149775874
-3.0930930930930938	0.003392490499919683
-3.0730730730730733	0.0036142748751862384
-3.0530530530530524	0.003848151598955609
-3.0330330330330346	0.004094757323246056
-3.0130130130130124	0.004354737424655535
-2.9929929929929937	0.004628733558230712
-2.9729729729729732	0.004917372963965448
-2.9529529529529523	0.005221260675389585
-2.9329329329329346	0.0055409755994338976
-2.9129129129129123	0.005877071152128725
-2.8928928928928936	0.006230080750816869
-2.872872872872873	0.006600528000355542
-2.8528528528528523	0.0069889409061095606
-2.8328328328328345	0.007395868955033543
-2.8128128128128123	0.007821901492858795
-2.7927927927927936	0.008267685555241317
-2.772772772772773	0.00873394123586455
-2.752752752752752	0.009221472823130537
-2.7327327327327318	0.009731174306694788
-2.712712712712712	0.010264028411824297
-2.6926926926926935	0.010821099003688392
-2.672672672672673	0.011403517439232926
-2.652652652652652	0.01201246414964393
-2.6326326326326317	0.01264914733352435
-2.612612612612612	0.013314781061539197
-2.5925925925925934	0.014010565282726562
-2.572572572572573	0.01473767014254738
-2.552552552552552	0.015497226654765403
-2.5325325325325316	0.016290325120917243
-2.512512512512512	0.01711802180270067
-2.4924924924924934	0.01798135330268828
-2.472472472472473	0.018881357014822867
-2.452452452452452	0.019819095016403148
-2.4324324324324316	0.020795678048517414
-2.412412412412412	0.021812285918795978
-2.3923923923923933	0.02287018086135106
-2.372372372372373	0.02397071113553028
-2.352352352352352	0.025115303382720902
-2.3323323323323315	0.02630544384667307
-2.312312312312312	0.02754265028307382
-2.2922922922922933	0.02882843797926328
-2.272272272272273	0.03016428450710236
-2.252252252252252	0.03155159840344466
-2.2322322322322314	0.032991696745066676
-2.212212212212212	0.03448579549522258
-2.192192192192193	0.03603501461881988
-2.1721721721721727	0.03764039751469318
-2.152152152152152	0.039302941662513115
-2.1321321321321314	0.041023634999907764
-2.112112112112112	0.04280349093587602
-2.0920920920920913	0.04464357450361375
-2.0720720720720727	0.04654501321353684
-2.0520520520520518	0.048508988667953674
-2.0320320320320313	0.05053670860874979
-2.0120120120120117	0.05262936316130624
-1.9919919919919913	0.054788072784537116
-1.9719719719719722	0.05701383796438721
-1.9519519519519521	0.05930750126262487
-1.9319319319319312	0.06166973054991534
-1.9119119119119112	0.0641010281904462
-1.8918918918918912	0.06660176524295729
-1.871871871871872	0.06917223355773068
-1.851851851851852	0.07181270347363784
-1.8318318318318312	0.07452347215569477
-1.8118118118118112	0.0773048885592973
-1.7917917917917912	0.08015734585725462
-1.771771771771772	0.08308124016130088
-1.751751751751752	0.08607690371220682
-1.7317317317317311	0.08914452889571149
-1.711711711711711	0.09228410386797122
-1.691691691691691	0.09549537932808351
-1.671671671671672	0.09877787855224791
-1.651651651651652	0.10213095056732409
-1.631631631631631	0.10555385248318284
-1.611611611611611	0.10904583587921049
-1.591591591591591	0.11260620801714746
-1.571571571571572	0.11623434415117505
-1.551551551551551	0.11992964195710808
-1.531531531531531	0.1236914292116675
-1.511511511511511	0.12751885462239423
-1.491491491491491	0.1314108016526368
-1.4714714714714718	0.13536586085649935
-1.451451451451451	0.1393823769207726
-1.431431431431431	0.1434585577232797
-1.411411411411411	0.14759260493143084
-1.391391391391391	0.15178281142372618
-1.3713713713713718	0.15602757904048584
-1.3513513513513509	0.16032534114748767
-1.3313313313313309	0.16467441760603782
-1.3113113113113108	0.16907286606845118
-1.2912912912912908	0.17351840348174002
-1.2712712712712717	0.17800844515192965
-1.2512512512512508	0.18254025285427913
-1.2312312312312308	0.18711112321306733
-1.2112112112112108	0.19171851606834345
-1.1911911911911908	0.19636004379100216
-1.1711711711711716	0.20103331428633162
-1.1511511511511507	0.20573570864148916
-1.1311311311311307	0.21046422640754214
-1.1111111111111107	0.21521550604408216
-1.0910910910910907	0.2199860262979783
-1.0710710710710716	0.2247723709132144
-1.0510510510510507	0.22957137771602482
-1.0310310310310307	0.2343800521499003
-1.0110110110110107	0.23919528552960134
-0.9909909909909906	0.24401357572751886
-0.9709709709709715	0.24883097477503197
-0.9509509509509506	0.2536433331622244
-0.9309309309309306	0.2584466677893948
-0.9109109109109106	0.2632373459540188
-0.8908908908908906	0.26801189923172236
-0.8708708708708714	0.27276660097051253
-0.8508508508508505	0.2774971908551934
-0.8308308308308305	0.28219904096012455
-0.8108108108108105	0.28686764541074017
-0.7907907907907905	0.29149895116955443
-0.7707707707707714	0.2960891489109089
-0.7507507507507505	0.30063410207213076
-0.7307307307307305	0.305129048703423
-0.7107107107107105	0.30956897694792435
-0.6906906906906904	0.31394928588852694
-0.6706706706706713	0.31826590894424484
-0.6506506506506504	0.3225146754579661
-0.6306306306306304	0.3266907197986925
-0.6106106106106104	0.3307888096095693
-0.5905905905905904	0.33480422659978715
-0.5705705705705713	0.3387329174975508
-0.5505505505505504	0.3425706022537032
-0.5305305305305303	0.346312216305359
-0.5105105105105103	0.3499527164412674
-0.4904904904904903	0.353488017972549
-0.4704704704704712	0.35691439083352655
-0.4504504504504503	0.360227324632224
-0.4304304304304303	0.3634221017094956
-0.41041041041041026	0.36649518673727083
-0.39039039039039025	0.36944365713771216
-0.3703703703703711	0.3722637585789601
-0.3503503503503502	0.374951860508034
-0.3303303303303302	0.37750594837485285
-0.3103103103103102	0.37992411832499356
-0.2902902902902902	0.3822035377346626
-0.2702702702702702	0.38434267339301065
-0.25025025025025016	0.3863410028468142
-0.23023023023023015	0.388196406231138
-0.21021021021021014	0.389907260950685
-0.19019019019019012	0.3914729347446664
-0.1701701701701701	0.3928901022580657
-0.1501501501501501	0.39415598325620915
-0.13013013013013008	0.39526817339281806
-0.11011011011011007	0.3962215528746376
-0.09009009009009006	0.3970157580458208
-0.07007007007007005	0.39764873222553115
-0.05005005005005003	0.39812385442850823
-0.03003003003003002	0.398442696035417
-0.010010010010010006	0.39860498043337556
0.010010010010010006	0.3986050159709772
0.03003003003003002	0.39844272707026407
0.05005005005005003	0.39812380801916675
0.07007007007007005	0.39764863718542626
0.09009009009009006	0.3970157198609045
0.11011011011011007	0.3962216048107741
0.13013013013013008	0.3952683495751302
0.1501501501501501	0.39415618743781666
0.1701701701701701	0.392890269921034
0.19019019019019012	0.3914729976754925
0.21021021021021014	0.389907133055514
0.23023023023023015	0.3881961038684616
0.25025025025025016	0.3863405485282894
0.2702702702702702	0.38434208235694206
0.2902902902902902	0.38220290612969166
0.3103103103103102	0.3799235388344907
0.3303303303303302	0.37750546283629755
0.3503503503503502	0.37495154758435834
0.37037037037037024	0.37226371407763353
0.39039039039039025	0.36944390829475227
0.41041041041041026	0.36649573473484787
0.4304304304304303	0.3634229861426308
0.4504504504504503	0.3602285691904045
0.4704704704704703	0.35691595151597383
0.4904904904904903	0.3534898397438759
0.5105105105105103	0.34995478498483085
0.5305305305305303	0.3463145123020503
0.5505505505505504	0.3425730508440273
0.5705705705705704	0.3387354248067732
0.5905905905905904	0.33480673937516076
0.6106106106106104	0.33079130264937956
0.6306306306306304	0.3266931386380012
0.6506506506506504	0.3225169266570186
0.6706706706706704	0.3182679108940539
0.6906906906906922	0.31395100569815493
0.7107107107107105	0.30957040536049063
0.7307307307307305	0.30513015169952307
0.7507507507507505	0.30063481350869375
0.7707707707707705	0.29608941100948216
0.7907907907907923	0.2914987515339481
0.8108108108108105	0.2868670083323916
0.8308308308308305	0.28219798608696
0.8508508508508505	0.27749570619070313
0.8708708708708706	0.2727646573019336
0.8908908908908924	0.2680094882590542
0.9109109109109106	0.2632345028402657
0.9309309309309306	0.25844345752050984
0.9509509509509506	0.2536398153861718
0.9709709709709706	0.24882717945071361
0.9909909909909924	0.2440095093579451
1.0110110110110107	0.2391909602210262
1.0310310310310307	0.23437551199221873
1.0510510510510507	0.2295667015474973
1.0710710710710707	0.22476765050667818
1.0910910910910925	0.21998133721195365
1.1111111111111107	0.2152108919751265
1.1311311311311307	0.210459706535073
1.1511511511511507	0.20573130108570128
1.1711711711711708	0.20102905892427408
1.1911911911911925	0.19635600965337086
1.2112112112112108	0.19171478941100914
1.2312312312312308	0.1871077842847126
1.2512512512512508	0.18253735523759715
1.2712712712712708	0.17800600887743154
1.2912912912912926	0.17351642458365546
1.3113113113113108	0.1690713362736603
1.3313313313313309	0.16467334317508245
1.3513513513513509	0.16032475129997759
1.3713713713713709	0.15602752035839312
1.3913913913913927	0.15178333164808383
1.411411411411411	0.14759373422472552
1.431431431431431	0.1434602959591001
1.451451451451451	0.13938469221791364
1.471471471471471	0.13536869934274195
1.4914914914914927	0.13141410377295243
1.511511511511511	0.12752257104322093
1.531531531531531	0.12369553011311774
1.551551551551551	0.11993411657474208
1.571571571571571	0.11623919136592449
1.5915915915915928	0.11261142203100857
1.611611611611611	0.10905139247497796
1.631631631631631	0.1055597007532428
1.651651651651651	0.10213701277089436
1.671671671671671	0.09878405786279595
1.6916916916916929	0.09550157269465503
1.711711711711711	0.09229021580802836
1.7317317317317311	0.08915048206934155
1.7517517517517511	0.08608264341729012
1.7717717717717711	0.08308673190221845
1.791791791791793	0.08016256720513053
1.8118118118118112	0.07730981804747174
1.8318318318318312	0.07452807857919136
1.8518518518518512	0.07181693861745146
1.8718718718718712	0.06917603026359681
1.891891891891893	0.06660504121169297
1.9119119119119112	0.06410369443596727
1.9319319319319312	0.06167170233924998
1.9519519519519513	0.05930870891597719
1.971971971971973	0.05701423509304511
1.991991991991993	0.05478764029109948
2.0120120120120117	0.05262810838536674
2.0320320320320313	0.05053466010159054
2.0520520520520513	0.04850618797870189
2.072072072072073	0.04654150559803537
2.092092092092093	0.04463940055520637
2.112112112112112	0.04279868081122283
2.1321321321321314	0.04101820627869179
2.1521521521521514	0.039296901091971224
2.172172172172173	0.037633746115925536
2.192192192192193	0.0360277550186882
2.212212212212212	0.03447793999528352
2.2322322322322314	0.03298327458667595
2.2522522522522515	0.0315426609147105
2.2722722722722732	0.030154907253634802
2.2922922922922933	0.028818719589635732
2.312312312312312	0.027532708178467955
2.3323323323323315	0.026295407581590966
2.3523523523523515	0.025105306633868212
2.3723723723723733	0.023960883523314522
2.3923923923923933	0.0228606407477479
2.412412412412412	0.021803135118454837
2.4324324324324316	0.020786999059848578
2.4524524524524516	0.01981095098259695
2.4724724724724734	0.01887379422304897
2.4924924924924934	0.01797440568107654
2.512512512512512	0.017111716625029253
2.5325325325325316	0.016284689005893728
2.5525525525525516	0.01549229095694054
2.5725725725725734	0.014733474961821523
2.5925925925925934	0.014007161540265066
2.612612612612612	0.013312230364196263
2.6326326326326317	0.012647519637423223
2.6526526526526517	0.01201183350125803
2.6726726726726735	0.011403956291592318
2.6926926926926935	0.010822671757413692
2.712712712712712	0.01026678490521623
2.7327327327327318	0.009735143973184465
2.7527527527527518	0.00922666015172805
2.7727727727727736	0.008740323020788532
2.7927927927927936	0.008275210220756024
2.8128128128128123	0.007830490550250655
2.832832832832832	0.007405420416616278
2.852852852852852	0.006999334273595433
2.8728728728728736	0.00661163028692342
2.8928928928928936	0.006241752906279976
2.9129129129129123	0.0058891742475300594
2.932932932932932	0.005553376188760228
2.952952952952952	0.005233834875234936
2.9729729729729737	0.004930008956975529
2.9929929929929937	0.004641332410015462
3.0130130130130124	0.004367212284638878
3.033033033033032	0.004107031239831675
3.053053053053052	0.003860154306182134
3.0730730730730738	0.003625938994798908
3.0930930930930938	0.003403747646550129
3.1131131131131125	0.0031929607923056667
3.133133133133132	0.0029929902645725224
3.153153153153154	0.002803290858078514
3.173173173173174	0.0026233694781155363
3.193193193193194	0.002452790938436179
3.2132132132132125	0.0022911798694159606
3.233233233233232	0.002138218557246056
3.253253253253254	0.0019936409281075544
3.273273273273274	0.0018572232760732791
3.293293293293294	0.0017287726598350333
3.3133133133133126	0.0016081141124777963
3.333333333333332	0.001495077884883796
3.353353353353354	0.0013894878648431756
3.373373373373374	0.0012911520964433224
3.393393393393394	0.0011998560086303811
3.4134134134134126	0.0011153586039821827
3.433433433433432	0.001037391516607524
3.453453453453454	0.0009656605690328849
3.473473473473474	0.0008998492705732217
3.493493493493494	0.0008396236116601445
3.5135135135135127	0.0007846375096669445
3.5335335335335323	0.0007345383301021591
3.553553553553554	0.0006889720163935489
3.573573573573574	0.000647587487193561
3.593593593593594	0.0006100400830269321
3.6136136136136128	0.0005759939521408506
3.6336336336336323	0.0005451233536822741
3.653653653653654	0.0005171129259575266
3.673673673673674	0.0004916570243390331
3.693693693693694	0.00046845828648366036
3.713713713713713	0.00044722564300606873
3.7337337337337324	0.0004276720710824913
3.753753753753754	0.0004095124959233915
3.773773773773774	0.00039246238315176303
3.7937937937937942	0.0003762377220307427
3.813813813813813	0.0003605572384275691
3.8338338338338325	0.00034514772460510294
3.8538538538538543	0.0003297532179229921
3.8738738738738743	0.0003141482683626976
3.8938938938938943	0.00029815460775429277
3.913913913913913	0.00028165921283758937
3.9339339339339325	0.00026463033396784315
3.9539539539539543	0.0002471271223990181
3.9739739739739743	0.00022929873516407216
3.9939939939939944	0.00021137065939038401
4.014014014014013	0.00019361919839876624
4.034034034034033	0.00017633849655121644
4.054054054054054	0.00015980668622280435
4.074074074074074	0.00014425773652502197
4.094094094094094	0.0001298634701578516
4.114114114114113	0.00011672706371846638
4.134134134134133	0.00010488649653580261
4.1541541541541545	9.432474645464325e-5
4.1741741741741745	8.498320035306736e-5
4.1941941941941945	7.677536761926669e-5
4.214214214214213	6.959900684689995e-5
4.234234234234233	6.334576560937655e-5
4.2542542542542545	5.7908168649773144e-5
4.2742742742742745	5.318422703753392e-5
4.2942942942942945	4.9080133458834917e-5
4.314314314314313	4.5511540291077725e-5
4.334334334334333	4.240386230167522e-5
4.354354354354355	3.969195733845598e-5
4.374374374374375	3.731944710341292e-5
4.394394394394395	3.523786081325161e-5
4.414414414414413	3.340572210136337e-5
4.434434434434436	3.178765352385368e-5
4.454454454454455	3.035354089219623e-5
4.474474474474475	2.9077778214090702e-5
4.494494494494495	2.7938600377808903e-5
4.514514514514513	2.6917502498900803e-5
4.5345345345345365	2.5998740272025337e-5
4.554554554554555	2.5168903446480333e-5
4.574574574574575	2.4416553778875863e-5
4.594594594594595	2.3731918910999366e-5
4.614614614614613	2.3106634184694246e-5
4.6346346346346365	2.2533525191866463e-5
4.654654654654655	2.2006424716300838e-5
4.674674674674675	2.15200185677216e-5
4.694694694694695	2.1069715590698884e-5
4.714714714714713	2.0651537829830272e-5
4.734734734734737	2.0262027441488596e-5
4.754754754754755	1.9898167463397345e-5
4.774774774774775	1.9557313993317593e-5
4.794794794794795	1.9237137696801815e-5
4.814814814814813	1.8935572872464985e-5
4.834834834834837	1.865077256415996e-5
4.854854854854855	1.8381068437304827e-5
4.874874874874875	1.8124934348805707e-5
4.894894894894895	1.78809527583283e-5
4.914914914914913	1.764778338080279e-5
4.934934934934937	1.742413380078157e-5
4.954954954954955	1.7208732199785674e-5
4.974974974974975	1.7000302930996964e-5
4.994994994994995	1.679754644387329e-5
5.015015015015013	1.659912601126862e-5
5.035035035035037	1.640366476306955e-5
5.055055055055055	1.6209757468056974e-5
5.075075075075075	1.6016001921123695e-5
5.095095095095095	1.582105406588094e-5
5.115115115115113	1.562370837734268e-5
5.135135135135137	1.5422999992998698e-5
5.155155155155155	1.5218317771409378e-5
5.175175175175175	1.5009509342548518e-5
5.195195195195195	1.4796953295200093e-5
5.215215215215213	1.4581573726546895e-5
5.235235235235237	1.436478114787671e-5
5.255255255255255	1.4148340460907177e-5
5.275275275275275	1.3934186261464368e-5
5.295295295295295	1.3724220401710621e-5
5.315315315315313	1.3520130373627348e-5
5.335335335335337	1.3323258592016348e-5
5.355355355355355	1.3134536490378288e-5
5.375375375375375	1.295448049870002e-5
5.395395395395395	1.2783235128902422e-5
5.4154154154154135	1.262064371070495e-5
5.435435435435437	1.2466328698331664e-5
5.455455455455455	1.2319768234039363e-5
5.475475475475475	1.218036121796184e-5
5.495495495495495	1.2047477841924654e-5
5.515515515515514	1.1920495755736594e-5
5.535535535535537	1.1798823795175648e-5
5.555555555555555	1.1681915872467234e-5
5.575575575575575	1.1569277624384965e-5
5.595595595595595	1.1460468064777303e-5
5.615615615615614	1.1355098021116632e-5
5.635635635635637	1.1252826675458808e-5
5.655655655655655	1.1153357137608547e-5
5.675675675675675	1.1056431669691991e-5
5.6956956956956954	1.0961826952711473e-5
5.715715715715717	1.0869349624028991e-5
5.735735735735737	1.0778832205112972e-5
5.7557557557557555	1.0690129467575066e-5
5.7757757757757755	1.0603115241303042e-5
5.7957957957957955	1.0517679642776461e-5
5.815815815815817	1.0433726688163011e-5
5.835835835835837	1.035117225011249e-5
5.8558558558558556	1.0269942316262432e-5
5.875875875875876	1.0189971509324758e-5
5.895895895895896	1.0111201831924502e-5
5.915915915915917	1.0033581603284253e-5
5.935935935935937	9.957064558891473e-6
5.955955955955956	9.881609088162955e-6
5.975975975975976	9.807177588682278e-6
5.995995995995996	9.733735918766864e-6
6.016016016016017	9.66125293290792e-6
6.0360360360360374	9.589700087035297e-6
6.056056056056057	9.519051102620204e-6
6.076076076076077	9.44928168038011e-6
6.096096096096095	9.380369255830162e-6
6.1161161161161175	9.312292790171433e-6
6.1361361361361375	9.245032591052933e-6
6.156156156156157	9.178570158620774e-6
6.176176176176177	9.112888053002412e-6
6.196196196196195	9.047969779987681e-6
6.216216216216218	8.98379969218198e-6
6.236236236236238	8.920362903336806e-6
6.256256256256257	8.857645213922036e-6
6.276276276276277	8.795633046305768e-6
6.296296296296295	8.734313388159603e-6
6.316316316316318	8.67367374291895e-6
6.336336336336338	8.613702086305822e-6
6.356356356356357	8.554386828070721e-6
6.376376376376377	8.495716778236436e-6
6.396396396396395	8.437681117232321e-6
6.416416416416418	8.380269369397223e-6
6.436436436436438	8.323471379405124e-6
6.456456456456457	8.267277291231247e-6
6.476476476476477	8.211677529331152e-6
6.496496496496495	8.156662781751197e-6
6.516516516516518	8.102223984928008e-6
6.536536536536538	8.048352309968237e-6
6.556556556556557	7.99503915022802e-6
6.576576576576577	7.942276110036345e-6
6.596596596596595	7.89005499442705e-6
6.616616616616618	7.838367799762143e-6
6.636636636636638	7.787206705144614e-6
6.656656656656657	7.736564064531738e-6
6.676676676676677	7.686432399471648e-6
6.696696696696695	7.63680439239541e-6
6.716716716716718	7.587672880405394e-6
6.736736736736738	7.539030849508156e-6
6.756756756756757	7.49087142924606e-6
6.776776776776777	7.443187887687774e-6
6.796796796796795	7.395973626742206e-6
6.816816816816818	7.349222177764712e-6
6.836836836836838	7.302927197428128e-6
6.856856856856857	7.257082463834052e-6
6.876876876876877	7.211681872842901e-6
6.896896896896898	7.166719434603423e-6
6.916916916916918	7.122189270264535e-6
6.936936936936938	7.078085608854236e-6
6.956956956956957	7.034402784311957e-6
6.976976976976977	6.991135232662108e-6
6.996996996996998	6.9482774893179025e-6
7.017017017017018	6.905824186505614e-6
7.037037037037038	6.863770050800389e-6
7.057057057057057	6.822109900765686e-6
7.077077077077077	6.780838644689082e-6
7.097097097097098	6.739951278407976e-6
7.117117117117118	6.699442883219233e-6
7.137137137137138	6.659308623867408e-6
7.157157157157157	6.619543746606694e-6
7.177177177177177	6.580143577332095e-6
7.197197197197198	6.541103519775791e-6
7.217217217217218	6.5024190537649506e-6
7.237237237237238	6.464085733537569e-6
7.257257257257257	6.426099186113229e-6
7.277277277277277	6.38845510971586e-6
7.297297297297298	6.351149272245869e-6
7.317317317317318	6.314177509799159e-6
7.337337337337338	6.277535725230767e-6
7.357357357357357	6.241219886761031e-6
7.377377377377377	6.205226026622308e-6
7.397397397397398	6.169550239744431e-6
7.417417417417418	6.134188682477216e-6
7.437437437437438	6.099137571348411e-6
7.4574574574574575	6.064393181855641e-6
7.4774774774774775	6.029951847290932e-6
7.497497497497498	5.995809957596538e-6
7.517517517517518	5.961963958250832e-6
7.537537537537538	5.928410349183117e-6
7.5575575575575575	5.895145683716286e-6
7.5775775775775776	5.862166567536289e-6
7.5975975975975985	5.829469657687463e-6
7.6176176176176185	5.797051661592806e-6
7.6376376376376385	5.764909336098311e-6
7.657657657657658	5.733039486540577e-6
7.677677677677678	5.701438965836878e-6
7.6976976976976985	5.670104673596995e-6
7.7177177177177185	5.639033555256061e-6
7.7377377377377385	5.608222601227774e-6
7.757757757757758	5.577668846077336e-6
7.777777777777778	5.547369367713496e-6
7.797797797797799	5.517321286599131e-6
7.817817817817819	5.487521764979793e-6
7.837837837837839	5.457968006129672e-6
7.857857857857858	5.428657253614506e-6
7.877877877877878	5.399586790570902e-6
7.897897897897899	5.370753939001626e-6
7.917917917917919	5.342156059086392e-6
7.937937937937939	5.313790548507722e-6
7.957957957957958	5.285654841791461e-6
7.977977977977978	5.257746409661528e-6
7.997997997997999	5.230062758408546e-6
8.018018018018019	5.202601429271944e-6
8.038038038038039	5.1753599978351864e-6
8.058058058058059	5.148336073433785e-6
8.078078078078079	5.121527298575751e-6
8.098098098098099	5.094931348374165e-6
8.118118118118119	5.068545929991551e-6
8.138138138138139	5.042368782095759e-6
8.158158158158159	5.016397674327047e-6
8.178178178178179	4.990630406776104e-6
8.198198198198199	4.965064809472709e-6
8.218218218218219	4.939698741884796e-6
8.238238238238239	4.914530092427636e-6
8.258258258258259	4.889556777982906e-6
8.278278278278279	4.864776743427403e-6
8.298298298298299	4.840187961171158e-6
8.318318318318319	4.815788430704736e-6
8.338338338338339	4.791576178155493e-6
8.358358358358359	4.7675492558525845e-6
8.378378378378379	4.743705741900506e-6
8.398398398398399	4.720043739760983e-6
8.418418418418419	4.696561377842996e-6
8.438438438438439	4.673256809100762e-6
8.458458458458459	4.650128210639487e-6
8.478478478478479	4.627173783328708e-6
8.498498498498499	4.604391751423045e-6
8.518518518518519	4.581780362190215e-6
8.538538538538539	4.55933788554611e-6
8.558558558558559	4.537062613696811e-6
8.578578578578579	4.51495286078736e-6
8.598598598598599	4.493006962557151e-6
8.618618618618619	4.471223276001785e-6
8.63863863863864	4.449600179041254e-6
8.65865865865866	4.428136070194302e-6
8.67867867867868	4.406829368258836e-6
8.6986986986987	4.385678511998254e-6
8.71871871871872	4.364681959833557e-6
8.73873873873874	4.343838189541124e-6
8.75875875875876	4.3231456979560175e-6
8.77877877877878	4.302603000680717e-6
8.7987987987988	4.282208631799146e-6
8.81881881881882	4.261961143595889e-6
8.83883883883884	4.241859106280491e-6
8.85885885885886	4.221901107716725e-6
8.87887887887888	4.202085753156716e-6
8.8988988988989	4.182411664979839e-6
8.91891891891892	4.162877482436276e-6
8.93893893893894	4.14348186139513e-6
8.95895895895896	4.1242234740970205e-6
8.97897897897898	4.105101008911043e-6
8.998998998999	4.08611317009603e-6
9.01901901901902	4.067258677565991e-6
9.03903903903904	4.04853626665968e-6
9.05905905905906	4.029944687914182e-6
9.07907907907908	4.011482706842446e-6
9.0990990990991	3.993149103714682e-6
9.11911911911912	3.974942673343547e-6
9.13913913913914	3.956862224873035e-6
9.15915915915916	3.938906581571008e-6
9.17917917917918	3.921074580625288e-6
9.1991991991992	3.903365072943233e-6
9.21921921921922	3.885776922954743e-6
9.23923923923924	3.868309008418615e-6
9.25925925925926	3.85096022023218e-6
9.27927927927928	3.833729462244174e-6
9.2992992992993	3.816615651070747e-6
9.31931931931932	3.799617715914591e-6
9.33933933933934	3.7827345983870853e-6
9.35935935935936	3.7659652523334275e-6
9.37937937937938	3.7493086436606776e-6
9.3993993993994	3.7327637501686668e-6
9.41941941941942	3.7163295613837113e-6
9.43943943943944	3.7000050783950766e-6
9.45945945945946	3.6837893136941442e-6
9.47947947947948	3.667681291016223e-6
9.4994994994995	3.651680045184955e-6
9.51951951951952	3.6357846219592762e-6
9.53953953953954	3.6199940778828668e-6
9.55955955955956	3.604307480136059e-6
9.57957957957958	3.5887239063901456e-6
9.5995995995996	3.5732424446640545e-6
9.61961961961962	3.5578621931833295e-6
9.63963963963964	3.542582260241391e-6
9.65965965965966	3.5274017640630226e-6
9.67967967967968	3.512319832670044e-6
9.6996996996997	3.497335603749136e-6
9.71971971971972	3.482448224521767e-6
9.73973973973974	3.4676568516161946e-6
9.75975975975976	3.4529606509414894e-6
9.77977977977978	3.438358797563559e-6
9.7997997997998	3.423850475583125e-6
9.81981981981982	3.4094348780156214e-6
9.83983983983984	3.3951112066729784e-6
9.85985985985986	3.3808786720472558e-6
9.87987987987988	3.3667364931960996e-6
9.8998998998999	3.352683897629976e-6
9.91991991991992	3.3387201212011648e-6
9.93993993993994	3.3248444079944685e-6
9.95995995995996	3.311056010219615e-6
9.97997997997998	3.29735418810532e-6
10.0	3.2837382097949773e-6
