-10.0	3.6630007886609117e-6
-9.97997997997998	3.6798805332976255e-6
-9.95995995995996	3.696881824730696e-6
-9.93993993993994	3.7140058716459975e-6
-9.91991991991992	3.7312538982065693e-6
-9.8998998998999	3.7486271442965253e-6
-9.87987987987988	3.7661268657695415e-6
-9.85985985985986	3.783754334702031e-6
-9.83983983983984	3.801510839651105e-6
-9.81981981981982	3.819397685917428e-6
-9.7997997997998	3.837416195813077e-6
-9.77977977977978	3.855567708934506e-6
-9.75975975975976	3.873853582440746e-6
-9.73973973973974	3.892275191336941e-6
-9.71971971971972	3.910833928763351e-6
-9.6996996996997	3.929531206289941e-6
-9.67967967967968	3.9483684542166756e-6
-9.65965965965966	3.96734712187966e-6
-9.63963963963964	3.9864686779632565e-6
-9.61961961961962	4.005734610818303e-6
-9.5995995995996	4.025146428786588e-6
-9.57957957957958	4.044705660531711e-6
-9.55955955955956	4.064413855376491e-6
-9.53953953953954	4.084272583647057e-6
-9.51951951951952	4.104283437023786e-6
-9.4994994994995	4.124448028899251e-6
-9.47947947947948	4.1447679947433284e-6
-9.45945945945946	4.1652449924756455e-6
-9.43943943943944	4.185880702845536e-6
-9.41941941941942	4.206676829819677e-6
-9.3993993993994	4.227635100977592e-6
-9.37937937937938	4.248757267915211e-6
-9.35935935935936	4.270045106656667e-6
-9.33933933933934	4.291500418074546e-6
-9.31931931931932	4.31312502831876e-6
-9.2992992992993	4.334920789254298e-6
-9.27927927927928	4.356889578908014e-6
-9.25925925925926	4.3790333019247265e-6
-9.23923923923924	4.401353890032803e-6
-9.21921921921922	4.423853302519506e-6
-9.1991991991992	4.446533526716308e-6
-9.17917917917918	4.469396578494443e-6
-9.15915915915916	4.492444502770923e-6
-9.13913913913914	4.515679374025303e-6
-9.11911911911912	4.539103296827447e-6
-9.0990990990991	4.562718406376574e-6
-9.07907907907908	4.5865268690518604e-6
-9.05905905905906	4.610530882974901e-6
-9.03903903903904	4.6347326785843155e-6
-9.01901901901902	4.659134519222816e-6
-8.998998998999	4.68373870173705e-6
-8.97897897897898	4.7085475570905406e-6
-8.95895895895896	4.733563450990065e-6
-8.93893893893894	4.758788784525816e-6
-8.91891891891892	4.7842259948257e-6
-8.8988988988989	4.809877555724137e-6
-8.87887887887888	4.835745978445742e-6
-8.85885885885886	4.861833812304276e-6
-8.83883883883884	4.888143645417274e-6
-8.81881881881882	4.914678105436739e-6
-8.7987987987988	4.941439860296358e-6
-8.77877877877878	4.968431618975661e-6
-8.75875875875876	4.995656132281568e-6
-8.73873873873874	5.0231161936478125e-6
-8.71871871871872	5.050814639952692e-6
-8.6986986986987	5.0787543523556725e-6
-8.67867867867868	5.106938257153323e-6
-8.65865865865866	5.1353693266551375e-6
-8.63863863863864	5.16405058007977e-6
-8.618618618618619	5.1929850844722435e-6
-8.598598598598599	5.222175955642714e-6
-8.578578578578579	5.251626359127395e-6
-8.558558558558559	5.281339511172238e-6
-8.538538538538539	5.311318679740025e-6
-8.518518518518519	5.341567185541515e-6
-8.498498498498499	5.3720884030913315e-6
-8.478478478478479	5.402885761789287e-6
-8.458458458458459	5.433962747027863e-6
-8.438438438438439	5.465322901326605e-6
-8.418418418418419	5.496969825494192e-6
-8.398398398398399	5.528907179818982e-6
-8.378378378378379	5.561138685288864e-6
-8.358358358358359	5.593668124841259e-6
-8.338338338338339	5.626499344644157e-6
-8.318318318318319	5.659636255409104e-6
-8.298298298298299	5.693082833737076e-6
-8.278278278278279	5.726843123498214e-6
-8.258258258258259	5.760921237246446e-6
-8.238238238238239	5.795321357670011e-6
-8.218218218218219	5.830047739078994e-6
-8.198198198198199	5.865104708930976e-6
-8.178178178178179	5.900496669395967e-6
-8.158158158158159	5.936228098961806e-6
-8.138138138138139	5.972303554081299e-6
-8.118118118118119	6.0087276708623545e-6
-8.098098098098099	6.045505166802475e-6
-8.078078078078079	6.0826408425689695e-6
-8.058058058058059	6.120139583826342e-6
-8.038038038038039	6.1580063631123255e-6
-8.018018018018019	6.196246241764119e-6
-7.997997997997999	6.234864371896423e-6
-7.977977977977979	6.273865998432934e-6
-7.957957957957959	6.313256461193031e-6
-7.937937937937939	6.353041197035435e-6
-7.917917917917919	6.393225742060715e-6
-7.897897897897899	6.433815733874554e-6
-7.877877877877879	6.474816913913805e-6
-7.857857857857859	6.516235129837403e-6
-7.837837837837839	6.558076337984324e-6
-7.817817817817819	6.600346605900822e-6
-7.797797797797799	6.6430521149393076e-6
-7.777777777777779	6.686199162931313e-6
-7.7577577577577586	6.729794166937067e-6
-7.7377377377377385	6.773843666074338e-6
-7.7177177177177185	6.818354324429298e-6
-7.6976976976976985	6.863332934052276e-6
-7.6776776776776785	6.90878641804139e-6
-7.6576576576576585	6.954721833717177e-6
-7.6376376376376385	7.001146375891477e-6
-7.6176176176176185	7.048067380233938e-6
-7.5975975975975985	7.095492326739724e-6
-7.577577577577578	7.143428843302068e-6
-7.557557557557558	7.1918847093935705e-6
-7.537537537537538	7.240867859860245e-6
-7.517517517517518	7.290386388832528e-6
-7.497497497497498	7.340448553757671e-6
-7.477477477477478	7.391062779558087e-6
-7.457457457457458	7.442237662920503e-6
-7.437437437437438	7.493981976720936e-6
-7.417417417417418	7.546304674590789e-6
-7.397397397397398	7.5992148956295966e-6
-7.377377377377378	7.652721969270208e-6
-7.357357357357358	7.70683542030252e-6
-7.337337337337338	7.761564974062111e-6
-7.317317317317318	7.816920561790492e-6
-7.297297297297298	7.87291232617402e-6
-7.277277277277277	7.929550627068853e-6
-7.257257257257258	7.986846047419729e-6
-7.237237237237238	8.044809399380786e-6
-7.217217217217218	8.103451730646948e-6
-7.197197197197198	8.162784331005075e-6
-7.177177177177177	8.222818739114325e-6
-7.157157157157158	8.283566749525879e-6
-7.137137137137138	8.345040419952682e-6
-7.117117117117118	8.407252078800382e-6
-7.097097097097098	8.470214332971402e-6
-7.077077077077077	8.533940075954704e-6
-7.057057057057058	8.598442496214493e-6
-7.037037037037038	8.663735085892047e-6
-7.017017017017018	8.729831649835463e-6
-6.996996996996998	8.796746314973297e-6
-6.976976976976977	8.864493540048804e-6
-6.956956956956957	8.933088125732703e-6
-6.936936936936938	9.002545225133474e-6
-6.916916916916918	9.072880354725363e-6
-6.896896896896898	9.144109405715692e-6
-6.876876876876877	9.21624865587445e-6
-6.856856856856857	9.289314781850673e-6
-6.836836836836838	9.36332487200188e-6
-6.816816816816818	9.438296439764573e-6
-6.796796796796798	9.514247437595799e-6
-6.776776776776777	9.591196271518052e-6
-6.756756756756757	9.669161816301967e-6
-6.736736736736738	9.748163431323978e-6
-6.716716716716718	9.828220977138822e-6
-6.696696696696698	9.909354832809868e-6
-6.676676676676677	9.991585914043641e-6
-6.656656656656657	1.0074935692178536e-5
-6.636636636636637	1.0159426214081846e-5
-6.616616616616618	1.0245080123013546e-5
-6.596596596596598	1.0331920680520356e-5
-6.576576576576577	1.0419971789428806e-5
-6.556556556556557	1.0509258018012184e-5
-6.536536536536537	1.0599804625412735e-5
-6.516516516516518	1.0691637588407783e-5
-6.496496496496498	1.078478362961665e-5
-6.476476476476477	1.0879270247254109e-5
-6.456456456456457	1.09751257465463e-5
-6.436436436436437	1.107237927293607e-5
-6.416416416416418	1.1171060847217202e-5
-6.396396396396398	1.127120140275094e-5
-6.376376376376377	1.1372832824933788e-5
-6.356356356356357	1.1475987993103065e-5
-6.336336336336337	1.1580700825086363e-5
-6.316316316316315	1.1687006324623039e-5
-6.296296296296298	1.1794940631910843e-5
-6.276276276276277	1.1904541077559081e-5
-6.256256256256257	1.2015846240260848e-5
-6.236236236236237	1.2128896008533793e-5
-6.216216216216215	1.2243731646918809e-5
-6.1961961961961975	1.2360395867072936e-5
-6.176176176176177	1.2478932904245656e-5
-6.156156156156157	1.2599388599687369e-5
-6.136136136136137	1.272181048960868e-5
-6.116116116116115	1.2846247901387037e-5
-6.0960960960960975	1.297275205780809e-5
-6.076076076076077	1.3101376190233184e-5
-6.056056056056057	1.3232175661703248e-5
-6.036036036036037	1.3365208101128367e-5
-6.016016016016015	1.3500533549870763e-5
-5.995995995995996	1.3638214622214116e-5
-5.975975975975976	1.377831668142652e-5
-5.955955955955956	1.3920908033373077e-5
-5.9359359359359365	1.4066060139925199e-5
-5.915915915915915	1.421384785475255e-5
-5.895895895895896	1.4364349684480526e-5
-5.875875875875876	1.4517648078662521e-5
-5.8558558558558556	1.4673829752563069e-5
-5.835835835835836	1.4832986047394274e-5
-5.815815815815815	1.4995213333410009e-5
-5.7957957957957955	1.5160613462165488e-5
-5.7757757757757755	1.5329294275322506e-5
-5.7557557557557555	1.5501370178655984e-5
-5.735735735735736	1.5676962791441547e-5
-5.715715715715715	1.5856201683225742e-5
-5.6956956956956954	1.6039225212167854e-5
-5.675675675675675	1.622618148177451e-5
-5.655655655655655	1.6417229436024137e-5
-5.635635635635636	1.6612540116724552e-5
-5.6156156156156145	1.6812298111616262e-5
-5.595595595595595	1.701670322742286e-5
-5.575575575575575	1.72259724290039e-5
-5.555555555555555	1.7440342094292854e-5
-5.535535535535536	1.7660070645200285e-5
-5.5155155155155144	1.7885441627628658e-5
-5.495495495495495	1.811676732982426e-5
-5.475475475475475	1.8354393048309747e-5
-5.455455455455455	1.8598702135661245e-5
-5.435435435435436	1.8850121995805995e-5
-5.415415415415414	1.9109131232120788e-5
-5.395395395395395	1.9376268203779564e-5
-5.375375375375375	1.9652141309652616e-5
-5.355355355355355	1.9937441400738303e-5
-5.335335335335336	2.0232956827140603e-5
-5.315315315315314	2.0539591761404406e-5
-5.295295295295295	2.0858388616611248e-5
-5.275275275275275	2.1190555608659655e-5
-5.255255255255255	2.1537500816294523e-5
-5.235235235235236	2.190087449552812e-5
-5.215215215215214	2.2282621943039077e-5
-5.195195195195195	2.2685049926395047e-5
-5.175175175175175	2.3110910678970812e-5
-5.155155155155155	2.3563508796382024e-5
-5.135135135135136	2.404683821665877e-5
-5.115115115115114	2.456575903353571e-5
-5.095095095095095	2.5126227498892174e-5
-5.075075075075075	2.5735597691119843e-5
-5.055055055055055	2.6403020678913508e-5
-5.035035035035036	2.7139977695476606e-5
-5.015015015015014	2.796099956904589e-5
-4.994994994994995	2.8884648138445474e-5
-4.974974974974975	2.993487096640007e-5
-4.954954954954955	3.1142895465399694e-5
-4.934934934934936	3.2549914445986594e-5
-4.914914914914914	3.421095232310257e-5
-4.894894894894895	3.6200525063571613e-5
-4.874874874874875	3.862108052653906e-5
-4.854854854854855	4.1615845082208077e-5
-4.834834834834836	4.5388826795110186e-5
-4.814814814814814	5.023676441956036e-5
-4.794794794794795	5.660163568759862e-5
-4.774774774774775	6.515978436856484e-5
-4.754754754754755	7.697883669550773e-5
-4.734734734734736	9.380567642360055e-5
-4.714714714714714	0.0001186203840734623
-4.694694694694695	0.00015675930846931104
-4.674674674674675	0.0002183243435638895
-4.654654654654653	0.000323633555931305
-4.634634634634636	0.0005158335477488245
-4.614614614614614	0.0008865307107963517
-4.594594594594595	0.0015800368323086941
-4.574574574574575	0.0024483779267337404
-4.554554554554553	0.0025060417688462433
-4.534534534534536	0.0018282442989551915
-4.514514514514514	0.0012520010060152733
-4.494494494494495	0.0009019630131650515
-4.474474474474475	0.0006941266975997012
-4.454454454454453	0.0005657498979282023
-4.4344344344344355	0.00048298983218837905
-4.414414414414414	0.00042791352315075506
-4.394394394394395	0.00039065399300778096
-4.374374374374375	0.0003655331287132596
-4.354354354354353	0.0003491549452504946
-4.3343343343343355	0.0003394343808270859
-4.314314314314314	0.00033508171844431157
-4.2942942942942945	0.00033531891513910044
-4.2742742742742745	0.00033972008534722316
-4.254254254254253	0.0003481223535030708
-4.234234234234235	0.0003605795323804686
-4.214214214214214	0.00037734457263135775
-4.1941941941941945	0.0003988742268877142
-4.1741741741741745	0.0004258541057812403
-4.154154154154153	0.00045924597117733907
-4.134134134134135	0.0005003627960752305
-4.1141141141141135	0.0005509817724061397
-4.094094094094094	0.0006135122483490083
-4.074074074074074	0.0006912463628089692
-4.054054054054053	0.0007887381109637362
-4.034034034034035	0.0009123876111477313
-4.014014014014013	0.001071362763281851
-3.9939939939939944	0.0012790928465736327
-3.9739739739739743	0.0015557645983698917
-3.953953953953953	0.001932641571376134
-3.933933933933935	0.002459838072867021
-3.913913913913913	0.003220938360371142
-3.8938938938938943	0.004361838435697393
-3.8738738738738743	0.006150515077342278
-3.853853853853853	0.009106027940042526
-3.833833833833835	0.014276394098447049
-3.813813813813813	0.023728010642447058
-3.7937937937937942	0.04030555969155019
-3.773773773773774	0.06016326240020492
-3.753753753753753	0.06215863931884873
-3.733733733733735	0.0460717277366099
-3.713713713713713	0.03124905153125808
-3.693693693693694	0.021941909741928816
-3.673673673673674	0.016357643065683186
-3.653653653653653	0.012900560966560289
-3.633633633633635	0.010670905854732135
-3.6136136136136128	0.00918473527730602
-3.593593593593594	0.008174898579911785
-3.573573573573574	0.0074881267925701565
-3.5535535535535527	0.007033555208099824
-3.533533533533535	0.006756388840179276
-3.5135135135135127	0.006624004174203084
-3.493493493493494	0.006618470330521293
-3.473473473473474	0.006732595657881011
-3.4534534534534527	0.006968097147958304
-3.433433433433435	0.007335250587023731
-3.4134134134134126	0.007853822670194155
-3.393393393393394	0.008555419967172078
-3.3733733733733735	0.009487748003280077
-3.3533533533533526	0.010721794168129885
-3.333333333333335	0.012363844761288404
-3.3133133133133126	0.014575932649449279
-3.293293293293294	0.0176116626512939
-3.2732732732732734	0.021881321278595326
-3.2532532532532525	0.028075194833106772
-3.2332332332332347	0.03740725733040649
-3.2132132132132125	0.05211387191615837
-3.193193193193194	0.07647526110001203
-3.1731731731731734	0.11863267185712707
-3.1531531531531525	0.19119934963639795
-3.1331331331331347	0.29316226899699405
-3.1131131131131125	0.3494934430720774
-3.0930930930930938	0.29129744915075784
-3.0730730730730733	0.20206627781278688
-3.0530530530530524	0.1386742960799396
-3.0330330330330346	0.09990422433997627
-3.0130130130130124	0.07615722968824491
-2.9929929929929937	0.06110131561048786
-2.9729729729729732	0.0512271301605552
-2.9529529529529523	0.044604233959457805
-2.9329329329329346	0.04014088987658206
-2.9129129129129123	0.03720203917705113
-2.8928928928928936	0.03541403886855111
-2.872872872872873	0.03456331680947438
-2.8528528528528523	0.03454382565805853
-2.8328328328328345	0.03533187360899019
-2.8128128128128123	0.03697868396303497
-2.7927927927927936	0.039617590213159116
-2.772772772772773	0.043487610878416516
-2.752752752752752	0.04898062886123172
-2.7327327327327318	0.056728215596590595
-2.712712712712712	0.06776102105242278
-2.6926926926926935	0.08380836927186298
-2.672672672672673	0.1078782277684268
-2.652652652652652	0.1453989760013651
-2.6326326326326317	0.2063782666401459
-2.612612612612612	0.30842067562127423
-2.5925925925925934	0.47305737021145267
-2.572572572572573	0.6752260374187367
-2.552552552552552	0.7468599615125953
-2.5325325325325316	0.6029355516065377
-2.512512512512512	0.4187666837992858
-2.4924924924924934	0.2893740536393589
-2.472472472472473	0.2094295601902915
-2.452452452452452	0.16005937642609008
-2.4324324324324316	0.12868144682778593
-2.412412412412412	0.10819517212533161
-2.3923923923923933	0.09464890401560133
-2.372372372372373	0.08580473459055088
-2.352352352352352	0.08038213041567237
-2.3323323323323315	0.0776697887814558
-2.312312312312312	0.07733068604880275
-2.2922922922922933	0.07931551566545078
-2.272272272272273	0.08384863931146257
-2.252252252252252	0.09148032397344498
-2.2322322322322314	0.10322504685900746
-2.212212212212212	0.120841665589137
-2.192192192192193	0.14737509605205187
-2.1721721721721727	0.1881917415947888
-2.152152152152152	0.2528591488741061
-2.1321321321321314	0.3577115631322845
-2.112112112112112	0.5236289296049016
-2.0920920920920913	0.7393028026806835
-2.0720720720720727	0.8643314686927958
-2.0520520520520518	0.7516402361894227
-2.0320320320320313	0.5392316127368011
-2.0120120120120117	0.3724144857673178
-1.9919919919919913	0.2662718534372314
-1.9719719719719722	0.20080221223851932
-1.9519519519519521	0.15974097659119602
-1.9319319319319312	0.13348084452885547
-1.9119119119119112	0.11664869052318307
-1.8918918918918912	0.1062519879393139
-1.871871871871872	0.10065694726293663
-1.851851851851852	0.0990722128604744
-1.8318318318318312	0.10131846613653903
-1.8118118118118112	0.10778303637995178
-1.7917917917917912	0.11953992057237044
-1.771771771771772	0.1386854898164241
-1.751751751751752	0.16902013286639758
-1.7317317317317311	0.21725157467801232
-1.711711711711711	0.2944218213123027
-1.691691691691691	0.41347753741577514
-1.671671671671672	0.5637800497314122
-1.651651651651652	0.6497365139605557
-1.631631631631631	0.5699725385517946
-1.611611611611611	0.4138074255505549
-1.591591591591591	0.28765348971404153
-1.571571571571572	0.20656145879191873
-1.551551551551551	0.15671398227567473
-1.531531531531531	0.12593909442068793
-1.511511511511511	0.10692140557639124
-1.491491491491491	0.09561304970092466
-1.4714714714714718	0.08988060355109877
-1.451451451451451	0.08876952714304996
-1.431431431431431	0.09219203429670929
-1.411411411411411	0.10091100120482878
-1.391391391391391	0.11680044355555941
-1.3713713713713718	0.14341222119097533
-1.3513513513513509	0.18658203922154146
-1.3313313313313309	0.2526224854584145
-1.3113113113113108	0.33368964517629696
-1.2912912912912908	0.3760596273114359
-1.2712712712712717	0.3271349187480268
-1.2512512512512508	0.237869633143544
-1.2312312312312308	0.1665266255898783
-1.2112112112112108	0.12110419679877092
-1.1911911911911908	0.09371624446036123
-1.1711711711711716	0.07750399569470233
-1.1511511511511507	0.0684461642631323
-1.1311311311311307	0.06449096338490322
-1.1111111111111107	0.06485820591698802
-1.0910910910910907	0.0697564168508589
-1.0710710710710716	0.08042969264766434
-1.0510510510510507	0.09935018025158285
-1.0310310310310307	0.12950851920503534
-1.0110110110110107	0.1681783613812266
-0.9909909909909906	0.19108052769810682
-0.9709709709709715	0.16907614006722083
-0.9509509509509506	0.12405834617810049
-0.9309309309309306	0.08749383404125943
-0.9109109109109106	0.06463148312685554
-0.8908908908908906	0.05149643105893297
-0.8708708708708714	0.044586005688267774
-0.8508508508508505	0.04202793958116319
-0.8308308308308305	0.04319825699166056
-0.8108108108108105	0.04846029995904206
-0.7907907907907905	0.05898166653945374
-0.7707707707707714	0.07537497989947743
-0.7507507507507505	0.09155076851956372
-0.7307307307307305	0.09037921836852822
-0.7107107107107105	0.07037293859533807
-0.6906906906906904	0.05009937142804683
-0.6706706706706713	0.03708089851999441
-0.6506506506506504	0.030077306012803843
-0.6306306306306304	0.027173530762951262
-0.6106106106106104	0.027471104916409823
-0.5905905905905904	0.03098137022023719
-0.5705705705705713	0.037973495726339304
-0.5505505505505504	0.046139750916585454
-0.5305305305305303	0.04679395323273992
-0.5105105105105103	0.03714933848889854
-0.4904904904904903	0.02695509054179625
-0.4704704704704712	0.020806200536217234
-0.4504504504504503	0.018199479232680053
-0.4304304304304303	0.018336262099729207
-0.41041041041041026	0.02097399627222446
-0.39039039039039025	0.02517874917631266
-0.3703703703703711	0.02644316108059583
-0.3503503503503502	0.02174464999394694
-0.3303303303303302	0.016356433100712116
-0.3103103103103102	0.013499761415677608
-0.2902902902902902	0.013116220073399363
-0.2702702702702702	0.014746155386195687
-0.25025025025025016	0.016789661151305556
-0.23023023023023015	0.0157025874952317
-0.21021021021021014	0.012503887206946939
-0.19019019019019012	0.01068960206204473
-0.1701701701701701	0.010913636222274634
-0.1501501501501501	0.012224434724884313
-0.13013013013013008	0.011945845542331126
-0.11011011011011007	0.010191833824346012
-0.09009009009009006	0.009657851505775803
-0.07007007007007005	0.010395408194843173
-0.05005005005005003	0.010232758946360667
-0.03003003003003002	0.009513206658642814
-0.010010010010010006	0.009856713124844957
0.010010010010010006	0.009800312350718111
0.03003003003003002	0.009542706956681687
0.05005005005005003	0.010309388228613235
0.07007007007007005	0.010258368277630594
0.09009009009009006	0.009600661555373109
0.11011011011011007	0.010392820907625236
0.13013013013013008	0.012100267240148215
0.1501501501501501	0.011928481706297272
0.1701701701701701	0.010645075819143665
0.19019019019019012	0.010778953066249616
0.21021021021021014	0.013001144848082397
0.23023023023023015	0.016127434586854974
0.25025025025025016	0.016312279220867282
0.2702702702702702	0.01401447988847555
0.2902902902902902	0.012766779018918826
0.3103103103103102	0.013699577309994203
0.3303303303303302	0.017261698154860033
0.3503503503503502	0.023109061284028294
0.37037037037037024	0.02655582729104747
0.39039039039039025	0.02366757487413996
0.41041041041041026	0.019490297847470847
0.4304304304304303	0.01749056818614469
0.4504504504504503	0.018080893883209957
0.4704704704704703	0.021630724175387996
0.4904904904904903	0.02918000323692986
0.5105105105105103	0.04056214443819466
0.5305305305305303	0.04804807259251748
0.5505505505505504	0.043304794171175984
0.5705705705705704	0.034322825665164626
0.5905905905905904	0.028266201036531418
0.6106106106106104	0.02581760370652646
0.6306306306306304	0.026521747470414393
0.6506506506506504	0.030631244312087465
0.6706706706706704	0.03952623902468804
0.6906906906906922	0.05567202278830356
0.7107107107107105	0.07907392320016476
0.7307307307307305	0.09532682666464852
0.7507507507507505	0.08659406092325844
0.7707707707707705	0.06692287620218665
0.7907907907907923	0.05191748344873829
0.8108108108108105	0.0434144605928244
0.8308308308308305	0.039786824136782785
0.8508508508508505	0.0399753994296254
0.8708708708708706	0.04394748846656907
0.8908908908908924	0.05281447218930846
0.9109109109109106	0.06928588302850458
0.9309309309309306	0.0981840946938658
0.9509509509509506	0.14345643962641233
0.9709709709709706	0.1895993955268295
0.9909909909909924	0.1914654614540032
1.0110110110110107	0.1513339323331364
1.0310310310310307	0.11150561867397224
1.0510510510510507	0.08539946323339696
1.0710710710710707	0.07025940982900535
1.0910910910910925	0.06233479823412487
1.1111111111111107	0.05945112571772621
1.1311311311311307	0.060752723628704826
1.1511511511511507	0.06641885496792552
1.1711711711711708	0.07773402438943089
1.1911911911911925	0.09761966606280251
1.2112112112112108	0.1317876027805261
1.2312312312312308	0.19000923743179643
1.2512512512512508	0.28113833780714664
1.2712712712712708	0.377673108479388
1.2912912912912926	0.38629086173182164
1.3113113113113108	0.3017807970402007
1.3313313313313309	0.21471803929188926
1.3513513513513509	0.15659403157589974
1.3713713713713709	0.12144370597670306
1.3913913913913927	0.10058666281851782
1.411411411411411	0.08861690523467691
1.431431431431431	0.08264265914211252
1.451451451451451	0.08128957000014572
1.471471471471471	0.08417122530587941
1.4914914914914927	0.09172788611552751
1.511511511511511	0.10537174906320083
1.531531531531531	0.1280164724188925
1.551551551551551	0.16525454164206743
1.571571571571571	0.2275909388525036
1.5915915915915928	0.3329703566897904
1.611611611611611	0.49797295057537677
1.631631631631631	0.6705704759749416
1.651651651651651	0.673593520996727
1.671671671671671	0.507814292915224
1.6916916916916929	0.3471710637914841
1.711711711711711	0.24294841085626687
1.7317317317317311	0.1802347660203266
1.7517517517517511	0.14212069229876992
1.7717717717717711	0.11848955061290325
1.791791791791793	0.1038354875504412
1.8118118118118112	0.09519046371809742
1.8318318318318312	0.09098701003316594
1.8518518518518512	0.09049933285156289
1.8718718718718712	0.09360018911289926
1.891891891891893	0.1007139234305727
1.9119119119119112	0.11294203982987577
1.9319319319319312	0.1324226712306896
1.9519519519519513	0.163108916047092
1.971971971971973	0.2123733147188692
1.991991991991993	0.2941187536056263
2.0120120120120117	0.4330000208125147
2.0320320320320313	0.6560670715287816
2.0520520520520513	0.902504464238083
2.072072072072073	0.9112845536370857
2.092092092092093	0.6668467927794516
2.112112112112112	0.43607892119868435
2.1321321321321314	0.2915865321541452
2.1521521521521514	0.20674541465245938
2.172172172172173	0.1556347776185957
2.192192192192193	0.12356557141346594
2.212212212212212	0.10274992289858174
2.2322322322322314	0.0889815860945238
2.2522522522522515	0.07991339765701289
2.2722722722722732	0.07420758577351066
2.2922922922922933	0.07111299405653944
2.312312312312312	0.07025477874136936
2.3323323323323315	0.07153888341330733
2.3523523523523515	0.0751305739116686
2.3723723723723733	0.08149882419847813
2.3923923923923933	0.09154634573996794
2.412412412412412	0.10688567080789743
2.4324324324324316	0.13040143765854317
2.4524524524524516	0.1674080517434671
2.4724724724724734	0.22802142717403978
2.4924924924924934	0.3313624187452036
2.512512512512512	0.5064805905074538
2.5325325325325316	0.7435597687882507
2.5525525525525516	0.8337249161480655
2.5725725725725734	0.6309954620991137
2.5925925925925934	0.39660459946460874
2.612612612612612	0.24988518790572167
2.6326326326326317	0.16692849522708358
2.6526526526526517	0.11869270411923893
2.6726726726726735	0.08914087827930854
2.6926926926926935	0.0701192431527465
2.712712712712712	0.05737323463449015
2.7327327327327318	0.04857476016911695
2.7527527527527518	0.04238867490350103
2.7727727727727736	0.03801890872043874
2.7927927927927936	0.03497832000972467
2.8128128128128123	0.03296739952329029
2.832832832832832	0.03180892418599227
2.852852852852852	0.0314135260193473
2.8728728728728736	0.031764433895778724
2.8928928928928936	0.03291678769668388
2.9129129129129123	0.035011913728326245
2.932932932932932	0.03831236839138273
2.952952952952952	0.04327240418132663
2.9729729729729737	0.050676458930709434
2.9929929929929937	0.06191814724753684
3.0130130130130124	0.07958250566154326
3.033033033033032	0.10867510969895862
3.053053053053052	0.1589181226222129
3.0730730730730738	0.24550170986290387
3.0930930930930938	0.3608496139119711
3.1131131131131125	0.385223945259817
3.133133133133132	0.2681331846424522
3.153153153153154	0.15827548880862988
3.173173173173174	0.09556857409894702
3.193193193193194	0.06166182133671814
3.2132132132132125	0.04241812469345635
3.233233233233232	0.030796024762003292
3.253253253253254	0.023373597736598795
3.273273273273274	0.018407994532235284
3.293293293293294	0.014958668071581636
3.3133133133133126	0.01248973165979886
3.333333333333332	0.010681054389318849
3.353353353353354	0.009333596034657944
3.373373373373374	0.008319503590197308
3.393393393393394	0.00755459811323548
3.4134134134134126	0.006982627173739349
3.433433433433432	0.006566000605023692
3.453453453453454	0.006280282054592811
3.473473473473474	0.006110997556955373
3.493493493493494	0.006052018642189811
3.5135135135135127	0.006105201205216086
3.5335335335335323	0.006281286677124746
3.553553553553554	0.006602429196681681
3.573573573573574	0.0071072626245942535
3.593593593593594	0.007860462483490205
3.6136136136136128	0.00897095511717225
3.6336336336336323	0.010627881570652468
3.653653653653654	0.013175075003526148
3.673673673673674	0.01727197140677746
3.693693693693694	0.024239121640878655
3.713713713713713	0.03661823360711505
3.7337337337337324	0.05706525348603597
3.753753753753754	0.07424650733576947
3.773773773773774	0.05962699027924817
3.7937937937937942	0.03440106830128922
3.813813813813813	0.01924685453804054
3.8338338338338325	0.011504115110743205
3.8538538538538543	0.0073907274794099646
3.8738738738738743	0.005045324973193293
3.8938938938938943	0.0036172047754673997
3.913913913913913	0.0026984735283747566
3.9339339339339325	0.0020801625656593436
3.9539539539539543	0.0016482963679995974
3.9739739739739743	0.0013372152484548577
3.9939939939939944	0.0011072804990230661
4.014014014014013	0.0009335865330097605
4.034034034034033	0.0007999401159817002
4.054054054054054	0.0006954984847691454
4.074074074074074	0.0006128153980293086
4.094094094094094	0.0005466649941411929
4.114114114114113	0.0004933118434581874
4.134134134134133	0.00045004575564526694
4.1541541541541545	0.00041487860238629155
4.1741741741741745	0.00038634322213046716
4.1941941941941945	0.00036335858181203864
4.214214214214213	0.0003451394310513617
4.234234234234233	0.0003311372261429986
4.2542542542542545	0.00032100460940473084
4.2742742742742745	0.0003145796745503435
4.2942942942942945	0.00031188964459105315
4.314314314314313	0.0003131773695052306
4.334334334334333	0.0003189594593635495
4.354354354354355	0.0003301340887944061
4.374374374374375	0.00034817400266611654
4.394394394394395	0.0003754759334229505
4.414414414414413	0.00041601489481863063
4.434434434434436	0.0004766286483602366
4.454454454454455	0.0005696826740387403
4.474474474474475	0.0007189092188485281
4.494494494494495	0.0009725195801374071
4.514514514514513	0.0014286382370579875
4.5345345345345365	0.0022249126385161426
4.554554554554555	0.0030288156847849074
4.574574574574575	0.002481474494007936
4.594594594594595	0.0013686063532931804
4.614614614614613	0.000730358569958573
4.6346346346346365	0.00042419741834776454
4.654654654654655	0.00026972431076617337
4.674674674674675	0.00018519580638628197
4.694694694694695	0.0001354389186912455
4.714714714714713	0.00010432851145118457
4.734734734734737	8.388923194256109e-5
4.754754754754755	6.989613274700592e-5
4.774774774774775	5.997590882161858e-5
4.794794794794795	5.272778551391095e-5
4.814814814814813	4.728966634110689e-5
4.834834834834837	4.311171731210562e-5
4.854854854854855	3.983234029884273e-5
4.874874874874875	3.720731591280797e-5
4.894894894894895	3.5067811466012794e-5
4.914914914914913	3.32946828103011e-5
4.934934934934937	3.180229563788817e-5
4.954954954954955	3.052808051203113e-5
4.974974974974975	2.9425636490020446e-5
4.994994994994995	2.846008503596643e-5
5.015015015015013	2.7604882511369136e-5
5.035035035035037	2.6839596984544354e-5
5.055055055055055	2.6148334158773332e-5
5.075075075075075	2.551860747543326e-5
5.095095095095095	2.4940516756135524e-5
5.115115115115113	2.440614414697142e-5
5.135135135135137	2.390910506896778e-5
5.155155155155155	2.3444211048321835e-5
5.175175175175175	2.300721418659284e-5
5.195195195195195	2.2594611813792314e-5
5.215215215215213	2.2203495930021754e-5
5.235235235235237	2.1831436276466303e-5
5.255255255255255	2.147638886811409e-5
5.275275275275275	2.1136623955798977e-5
5.295295295295295	2.081066892413924e-5
5.315315315315313	2.0497262751380333e-5
5.335335335335337	2.0195319478494606e-5
5.355355355355355	1.9903898742449548e-5
5.375375375375375	1.962218188145168e-5
5.395395395395395	1.934945246005525e-5
5.4154154154154135	1.9085080319158233e-5
5.435435435435437	1.8828508451614802e-5
5.455455455455455	1.857924215407611e-5
5.475475475475475	1.833684002114437e-5
5.495495495495495	1.810090643739961e-5
5.515515515515514	1.787108529255661e-5
5.535535535535537	1.76470546995919e-5
5.555555555555555	1.7428522538633748e-5
5.575575575575575	1.7215222683370103e-5
5.595595595595595	1.700691179371022e-5
5.615615615615614	1.680336657995649e-5
5.635635635635637	1.6604381460988846e-5
5.655655655655655	1.640976655283567e-5
5.675675675675675	1.621934593520642e-5
5.6956956956956954	1.6032956152644516e-5
5.715715715715717	1.5850444914345036e-5
5.735735735735737	1.5671669962715337e-5
5.7557557557557555	1.549649808569763e-5
5.7757757757757755	1.532480425193461e-5
5.7957957957957955	1.5156470851208267e-5
5.815815815815817	1.4991387025351765e-5
5.835835835835837	1.482944807713287e-5
5.8558558558558556	1.4670554946518902e-5
5.875875875875876	1.451461374532906e-5
5.895895895895896	1.436153534261464e-5
5.915915915915917	1.4211234994227375e-5
5.935935935935937	1.406363201097861e-5
5.955955955955956	1.391864946058597e-5
5.975975975975976	1.3776213899276231e-5
5.995995995995996	1.3636255129482171e-5
6.016016016016017	1.3498705980554548e-5
6.0360360360360374	1.3363502109822564e-5
6.056056056056057	1.323058182168714e-5
6.076076076076077	1.3099885902732416e-5
6.096096096096095	1.2971357471098304e-5
6.1161161161161175	1.2844941838578308e-5
6.1361361361361375	1.2720586384097967e-5
6.156156156156157	1.2598240437392856e-5
6.176176176176177	1.2477855171848316e-5
6.196196196196195	1.2359383505585561e-5
6.216216216216218	1.2242780009985855e-5
6.236236236236238	1.2128000824937927e-5
6.256256256256257	1.2015003580173968e-5
6.276276276276277	1.1903747322131286e-5
6.296296296296295	1.1794192445837917e-5
6.316316316316318	1.1686300631374857e-5
6.336336336336338	1.1580034784515601e-5
6.356356356356357	1.1475358981184782e-5
6.376376376376377	1.1372238415415522e-5
6.396396396396395	1.1270639350516989e-5
6.416416416416418	1.1170529073192697e-5
6.436436436436438	1.107187585037582e-5
6.456456456456457	1.097464888856985e-5
6.476476476476477	1.0878818295503777e-5
6.496496496496495	1.0784355043928321e-5
6.516516516516518	1.0691230937395875e-5
6.536536536536538	1.0599418577881338e-5
6.556556556556557	1.050889133511321e-5
6.576576576576577	1.0419623317496413e-5
6.596596596596595	1.0331589344518143e-5
6.616616616616618	1.0244764920537269e-5
6.636636636636638	1.0159126209866504e-5
6.656656656656657	1.0074650013063384e-5
6.676676676676677	9.991313744353615e-6
6.696696696696695	9.909095410115873e-6
6.716716716716718	9.827973588362894e-6
6.736736736736738	9.747927409158893e-6
6.756756756756757	9.668936535917395e-6
6.776776776776777	9.590981147528387e-6
6.796796796796795	9.51404192126693e-6
6.816816816816818	9.438100016439e-6
6.836836836836838	9.363137058723696e-6
6.856856856856857	9.289135125173278e-6
6.876876876876877	9.2160767298358e-6
6.896896896896898	9.143944809967037e-6
6.916916916916918	9.07272271280078e-6
6.936936936936938	9.00239418284864e-6
6.956956956956957	8.932943349702345e-6
6.976976976976977	8.864354716313217e-6
6.996996996996998	8.796613147725192e-6
7.017017017017018	8.729703860239101e-6
7.037037037037038	8.663612410987363e-6
7.057057057057057	8.598324687899539e-6
7.077077077077077	8.533826900040253e-6
7.097097097097098	8.470105568302174e-6
7.117117117117118	8.407147516437702e-6
7.137137137137138	8.344939862413916e-6
7.157157157157157	8.283470010076306e-6
7.177177177177177	8.222725641107501e-6
7.197197197197198	8.162694707268075e-6
7.217217217217218	8.103365422907098e-6
7.237237237237238	8.044726257730874e-6
7.257257257257257	7.986765929818836e-6
7.277277277277277	7.929473398876194e-6
7.297297297297298	7.872837859713467e-6
7.317317317317318	7.81684873594349e-6
7.337337337337338	7.761495673887007e-6
7.357357357357357	7.706768536678425e-6
7.377377377377377	7.652657398563635e-6
7.397397397397398	7.599152539382309e-6
7.417417417417418	7.546244439227374e-6
7.437437437437438	7.493923773274704e-6
7.4574574574574575	7.442181406776508e-6
7.4774774774774775	7.391008390212047e-6
7.497497497497498	7.340395954589744e-6
7.517517517517518	7.290335506894927e-6
7.537537537537538	7.240818625677752e-6
7.5575575575575575	7.191837056776118e-6
7.5775775775775776	7.143382709168548e-6
7.5975975975975985	7.0954476509523316e-6
7.6176176176176185	7.048024105442331e-6
7.6376376376376385	7.001104447386106e-6
7.657657657657658	6.9546811992912215e-6
7.677677677677678	6.908747027860713e-6
7.6976976976976985	6.8632947405329235e-6
7.7177177177177185	6.818317282122031e-6
7.7377377377377385	6.773807731555766e-6
7.757757757757758	6.729759298706968e-6
7.777777777777778	6.686165321315752e-6
7.797797797797799	6.643019261999199e-6
7.817817817817819	6.6003147053455975e-6
7.837837837837839	6.558045355090384e-6
7.857857857857858	6.516205031371073e-6
7.877877877877878	6.474787668058509e-6
7.897897897897899	6.433787310161975e-6
7.917917917917919	6.393198111305675e-6
7.937937937937939	6.353014331274291e-6
7.957957957957958	6.313230333625369e-6
7.977977977977978	6.273840583366374e-6
7.997997997997999	6.234839644694348e-6
8.018018018018019	6.196222178796162e-6
8.038038038038039	6.157982941707443e-6
8.058058058058059	6.12011678222834e-6
8.078078078078079	6.082618639894333e-6
8.098098098098099	6.045483543000368e-6
8.118118118118119	6.008706606676673e-6
8.138138138138139	5.972283031014655e-6
8.158158158158159	5.936208099241341e-6
8.178178178178179	5.900477175940887e-6
8.198198198198199	5.865085705321714e-6
8.218218218218219	5.83002920952791e-6
8.238238238238239	5.79530328699355e-6
8.258258258258259	5.760903610838662e-6
8.278278278278279	5.7268259273056e-6
8.298298298298299	5.69306605423462e-6
8.318318318318319	5.65961987957751e-6
8.338338338338339	5.62648335994816e-6
8.358358358358359	5.593652519208989e-6
8.378378378378379	5.561123447092195e-6
8.398398398398399	5.528892297854812e-6
8.418418418418419	5.496955288966612e-6
8.438438438438439	5.4653086998299046e-6
8.458458458458459	5.433948870530335e-6
8.478478478478479	5.402872200617785e-6
8.498498498498499	5.3720751479165374e-6
8.518518518518519	5.341554227363897e-6
8.538538538538539	5.311306009876431e-6
8.558558558558559	5.281327121243105e-6
8.578578578578579	5.2516142410445354e-6
8.598598598598599	5.2221641015976595e-6
8.618618618618619	5.192973486925107e-6
8.63863863863864	5.1640392317486125e-6
8.65865865865866	5.1353582205058e-6
8.67867867867868	5.1069273863897175e-6
8.6986986986987	5.0787437104104964e-6
8.71871871871872	5.0508042204785495e-6
8.73873873873874	5.023105990508724e-6
8.75875875875876	4.99564613954485e-6
8.77877877877878	4.968421830904155e-6
8.7987987987988	4.941430271340994e-6
8.81881881881882	4.9146687102294205e-6
8.83883883883884	4.888134438764062e-6
8.85885885885886	4.861824789178863e-6
8.87887887887888	4.835737133983201e-6
8.8988988988989	4.8098688852149405e-6
8.91891891891892	4.784217493709975e-6
8.93893893893894	4.758780448387849e-6
8.95895895895896	4.733555275553032e-6
8.97897897897898	4.708539538211454e-6
8.998998998999	4.68373083540191e-6
9.01901901901902	4.659126801541966e-6
9.03903903903904	4.634725105787979e-6
9.05905905905906	4.6105234514089075e-6
9.07907907907908	4.586519575173535e-6
9.0990990990991	4.562711246750796e-6
9.11911911911912	4.53909626812287e-6
9.13913913913914	4.5156724730107135e-6
9.15915915915916	4.4924377263117575e-6
9.17917917917918	4.469389923549431e-6
9.1991991991992	4.446526990334251e-6
9.21921921921922	4.42384688183618e-6
9.23923923923924	4.401347582267989e-6
9.25925925925926	4.379027104379343e-6
9.27927927927928	4.3568834889613705e-6
9.2992992992993	4.334914804361448e-6
9.31931931931932	4.313119146007961e-6
9.33933933933934	4.291494635944808e-6
9.35935935935936	4.2700394223754e-6
9.37937937937938	4.248751679215956e-6
9.3993993993994	4.2276296056578444e-6
9.41941941941942	4.206671425738784e-6
9.43943943943944	4.185875387922676e-6
9.45945945945946	4.16523976468788e-6
9.47947947947948	4.144762852123729e-6
9.4994994994995	4.124442969535092e-6
9.51951951951952	4.104278459054804e-6
9.53953953953954	4.084267685263774e-6
9.55955955955956	4.0644090348186e-6
9.57957957957958	4.044700916086515e-6
9.5995995995996	4.0251417587875e-6
9.61961961961962	4.0057300136434e-6
9.63963963963964	3.986464152033878e-6
9.65965965965966	3.967342665659066e-6
9.67967967967968	3.948364066208743e-6
9.6996996996997	3.9295268850379134e-6
9.71971971971972	3.910829672848625e-6
9.73973973973974	3.8922709993779016e-6
9.75975975975976	3.87384945309164e-6
9.77977977977978	3.855563640884353e-6
9.7997997997998	3.837412187784616e-6
9.81981981981982	3.819393736666109e-6
9.83983983983984	3.8015069479641025e-6
9.85985985985986	3.7837504993973036e-6
9.87987987987988	3.766123085694914e-6
9.8998998998999	3.7486234183288055e-6
9.91991991991992	3.7312502252506954e-6
9.93993993993994	3.714002250634213e-6
9.95995995995996	3.696878254621751e-6
9.97997997997998	3.6798770130760043e-6
10.0	3.6629973173360915e-6
