-10.0	4.189208565052665e-6
-9.97997997997998	4.211040165245424e-6
-9.95995995995996	4.233053514930728e-6
-9.93993993993994	4.255250729810173e-6
-9.91991991991992	4.277633957516107e-6
-9.8998998998999	4.300205378207564e-6
-9.87987987987988	4.3229672051795256e-6
-9.85985985985986	4.345921685485877e-6
-9.83983983983984	4.369071100576407e-6
-9.81981981981982	4.3924177669482305e-6
-9.7997997997998	4.415964036812019e-6
-9.77977977977978	4.439712298773428e-6
-9.75975975975976	4.463664978530131e-6
-9.73973973973974	4.4878245395848955e-6
-9.71971971971972	4.512193483975111e-6
-9.6996996996997	4.536774353019234e-6
-9.67967967967968	4.561569728080613e-6
-9.65965965965966	4.586582231349152e-6
-9.63963963963964	4.6118145266413335e-6
-9.61961961961962	4.637269320219081e-6
-9.5995995995996	4.662949361628e-6
-9.57957957957958	4.688857444555541e-6
-9.55955955955956	4.7149964077096365e-6
-9.53953953953954	4.741369135718386e-6
-9.51951951951952	4.7679785600514e-6
-9.4994994994995	4.7948276599634075e-6
-9.47947947947948	4.821919463460766e-6
-9.45945945945946	4.849257048291536e-6
-9.43943943943944	4.876843542959797e-6
-9.41941941941942	4.904682127764904e-6
-9.3993993993994	4.93277603586643e-6
-9.37937937937938	4.961128554375524e-6
-9.35935935935936	4.989743025473481e-6
-9.33933933933934	5.0186228475583125e-6
-9.31931931931932	5.0477714764201746e-6
-9.2992992992993	5.077192426446492e-6
-9.27927927927928	5.106889271857691e-6
-9.25925925925926	5.136865647974451e-6
-9.23923923923924	5.167125252517443e-6
-9.21921921921922	5.197671846940552e-6
-9.1991991991992	5.228509257798595e-6
-9.17917917917918	5.259641378150621e-6
-9.15915915915916	5.291072168999877e-6
-9.13913913913914	5.3228056607716215e-6
-9.11911911911912	5.354845954829924e-6
-9.0990990990991	5.387197225034737e-6
-9.07907907907908	5.419863719340481e-6
-9.05905905905906	5.4528497614374935e-6
-9.03903903903904	5.486159752437717e-6
-9.01901901901902	5.5197981726060536e-6
-8.998998998999	5.553769583138883e-6
-8.97897897897898	5.588078627991284e-6
-8.95895895895896	5.622730035754575e-6
-8.93893893893894	5.657728621585845e-6
-8.91891891891892	5.693079289191199e-6
-8.8988988988989	5.728787032864561e-6
-8.87887887887888	5.764856939583874e-6
-8.85885885885886	5.801294191166701e-6
-8.83883883883884	5.838104066487237e-6
-8.81881881881882	5.875291943756877e-6
-8.7987987987988	5.912863302870551e-6
-8.77877877877878	5.950823727821132e-6
-8.75875875875876	5.989178909184351e-6
-8.73873873873874	6.02793464667669e-6
-8.71871871871872	6.0670968517889346e-6
-8.6986986986987	6.106671550498075e-6
-8.67867867867868	6.1466648860604534e-6
-8.65865865865866	6.187083121889135e-6
-8.63863863863864	6.227932644518632e-6
-8.618618618618619	6.269219966660259e-6
-8.598598598598599	6.310951730351533e-6
-8.578578578578579	6.353134710203218e-6
-8.558558558558559	6.3957758167477465e-6
-8.538538538538539	6.438882099892978e-6
-8.518518518518519	6.482460752485405e-6
-8.498498498498499	6.526519113987124e-6
-8.478478478478479	6.571064674271147e-6
-8.458458458458459	6.616105077539788e-6
-8.438438438438439	6.661648126371154e-6
-8.418418418418419	6.707701785899016e-6
-8.398398398398399	6.754274188131591e-6
-8.378378378378379	6.8013736364150735e-6
-8.358358358358359	6.849008610048083e-6
-8.338338338338339	6.8971877690534755e-6
-8.318318318318319	6.945919959114384e-6
-8.298298298298299	6.995214216681685e-6
-8.278278278278279	7.045079774260514e-6
-8.258258258258259	7.095526065883892e-6
-8.238238238238239	7.146562732781971e-6
-8.218218218218219	7.198199629255926e-6
-8.198198198198199	7.250446828766048e-6
-8.178178178178179	7.303314630244167e-6
-8.158158158158159	7.35681356464116e-6
-8.138138138138139	7.410954401720959e-6
-8.118118118118119	7.465748157113208e-6
-8.098098098098099	7.521206099637473e-6
-8.078078078078079	7.577339758912768e-6
-8.058058058058059	7.634160933267062e-6
-8.038038038038039	7.691681697962405e-6
-8.018018018018019	7.749914413752391e-6
-7.997997997997999	7.80887173578982e-6
-7.977977977977979	7.868566622903677e-6
-7.957957957957959	7.929012347265927e-6
-7.937937937937939	7.990222504470076e-6
-7.917917917917919	8.052211024045118e-6
-7.897897897897899	8.114992180430206e-6
-7.877877877877879	8.178580604437341e-6
-7.857857857857859	8.242991295231505e-6
-7.837837837837839	8.308239632859936e-6
-7.817817817817819	8.374341391364806e-6
-7.797797797797799	8.44131275251638e-6
-7.777777777777779	8.509170320206726e-6
-7.7577577577577586	8.577931135547492e-6
-7.7377377377377385	8.647612692718968e-6
-7.7177177177177185	8.718232955621714e-6
-7.6976976976976985	8.78981037538664e-6
-7.6776776776776785	8.862363908804418e-6
-7.6576576576576585	8.935913037740641e-6
-7.6376376376376385	9.010477789609387e-6
-7.6176176176176185	9.086078758984647e-6
-7.5975975975975985	9.162737130436771e-6
-7.577577577577578	9.24047470268955e-6
-7.557557557557558	9.31931391420308e-6
-7.537537537537538	9.39927787029815e-6
-7.517517517517518	9.480390371949803e-6
-7.497497497497498	9.562675946390985e-6
-7.477477477477478	9.646159879682153e-6
-7.457457457457458	9.730868251419538e-6
-7.437437437437438	9.81682797177358e-6
-7.417417417417418	9.904066821070423e-6
-7.397397397397398	9.99261349215335e-6
-7.377377377377378	1.0082497635788267e-5
-7.357357357357358	1.0173749909408114e-5
-7.337337337337338	1.0266402029525974e-5
-7.317317317317318	1.0360486828186371e-5
-7.297297297297298	1.045603831386932e-5
-7.277277277277277	1.0553091737313137e-5
-7.257257257257258	1.0651683662780676e-5
-7.237237237237238	1.0751852045360908e-5
-7.217217217217218	1.0853636314974308e-5
-7.197197197197198	1.0957077467839032e-5
-7.177177177177177	1.106221816625589e-5
-7.157157157157158	1.1169102847686808e-5
-7.137137137137138	1.1277777844236091e-5
-7.117117117117118	1.1388291513798798e-5
-7.097097097097098	1.1500694384320693e-5
-7.077077077077077	1.161503931282248e-5
-7.057057057057058	1.1731381661083183e-5
-7.037037037037038	1.1849779490159636e-5
-7.017017017017018	1.1970293776247387e-5
-6.996996996996998	1.209298865077296e-5
-6.976976976976977	1.2217931668056902e-5
-6.956956956956957	1.234519410441508e-5
-6.936936936936938	1.2474851293186595e-5
-6.916916916916918	1.2606983000908102e-5
-6.896896896896898	1.2741673850718726e-5
-6.876876876876877	1.2879013800102987e-5
-6.856856856856857	1.3019098681293272e-5
-6.836836836836838	1.3162030814098103e-5
-6.816816816816818	1.3307919702644965e-5
-6.796796796796798	1.3456882829586172e-5
-6.776776776776777	1.3609046563785403e-5
-6.756756756756757	1.3764547200470158e-5
-6.736736736736738	1.3923532156412747e-5
-6.716716716716718	1.4086161347026416e-5
-6.696696696696698	1.4252608777505725e-5
-6.676676676676677	1.4423064386515661e-5
-6.656656656656657	1.4597736188710883e-5
-6.636636636636637	1.4776852771885176e-5
-6.616616616616618	1.4960666216239462e-5
-6.596596596596598	1.5149455517660741e-5
-6.576576576576577	1.5343530614717673e-5
-6.556556556556557	1.55432371411922e-5
-6.536536536536537	1.5748962053524324e-5
-6.516516516516518	1.5961140317028204e-5
-6.496496496496498	1.618026287806349e-5
-6.476476476476477	1.6406886204020878e-5
-6.456456456456457	1.6641643742294783e-5
-6.436436436436437	1.6885259737702285e-5
-6.416416416416418	1.7138565960817722e-5
-6.396396396396398	1.7402522045097215e-5
-6.376376376376377	1.7678240318763234e-5
-6.356356356356357	1.7967016262117974e-5
-6.336336336336337	1.8270366041172544e-5
-6.316316316316315	1.8590072990128888e-5
-6.296296296296298	1.892824547408283e-5
-6.276276276276277	1.9287389309037996e-5
-6.256256256256257	1.9670498918605617e-5
-6.236236236236237	2.0081172764125678e-5
-6.216216216216215	2.0523760437879668e-5
-6.1961961961961975	2.100355135990653e-5
-6.176176176176177	2.1527018561910366e-5
-6.156156156156157	2.210213600924783e-5
-6.136136136136137	2.2738794946465823e-5
-6.116116116116115	2.344935481901567e-5
-6.0960960960960975	2.424937889308449e-5
-6.076076076076077	2.5158626031991555e-5
-6.056056056056057	2.620240173029226e-5
-6.036036036036037	2.7413419064454e-5
-6.016016016016015	2.8834392714420962e-5
-5.995995995995996	3.052170138519254e-5
-5.975975975975976	3.255063028577991e-5
-5.955955955955956	3.502298710370327e-5
-5.9359359359359365	3.8078342972120915e-5
-5.915915915915915	4.191090759725686e-5
-5.895895895895896	4.679532260226107e-5
-5.875875875875876	5.3126836455908456e-5
-5.8558558558558556	6.148509628742371e-5
-5.835835835835836	7.273735306264763e-5
-5.815815815815815	8.820816133036257e-5
-5.7957957957957955	0.00010996111367279966
-5.7757757757757755	0.0001412637171449294
-5.7557557557557555	0.0001873206854223777
-5.735735735735736	0.0002562595502489734
-5.715715715715715	0.00035971091841913096
-5.6956956956956954	0.0005098847703870332
-5.675675675675675	0.0007047171490863226
-5.655655655655655	0.0008969244801154487
-5.635635635635636	0.0009954104152373009
-5.6156156156156145	0.0009589633591658639
-5.595595595595595	0.0008424571493973872
-5.575575575575575	0.0007143105654082889
-5.555555555555555	0.0006058390133026741
-5.535535535535536	0.0005223726730785945
-5.5155155155155144	0.000460297674929163
-5.495495495495495	0.0004146580924355377
-5.475475475475475	0.00038131159573703637
-5.455455455455455	0.0003572088703431371
-5.435435435435436	0.00034020216563867113
-5.415415415415414	0.00032880518206066954
-5.395395395395395	0.00032200210716786567
-5.375375375375375	0.00031911318894522106
-5.355355355355355	0.0003197047171727585
-5.335335335335336	0.0003235306919648352
-5.315315315315314	0.0003304967151265829
-5.295295295295295	0.00034063985942964426
-5.275275275275275	0.00035412074493815937
-5.255255255255255	0.0003712258771242414
-5.235235235235236	0.0003923797228318031
-5.215215215215214	0.0004181672547065463
-5.195195195195195	0.0004493690031988373
-5.175175175175175	0.00048701225266831655
-5.155155155155155	0.0005324442040983534
-5.135135135135136	0.0005874361408034352
-5.115115115115114	0.0006543325764116589
-5.095095095095095	0.0007362672125291393
-5.075075075075075	0.000837480328518816
-5.055055055055055	0.0009637936138403514
-5.035035035035036	0.0011233351241666648
-5.015015015015014	0.0013276716096373162
-4.994994994994995	0.0015936223794961943
-4.974974974974975	0.0019462468553162202
-4.954954954954955	0.002423916578897053
-4.934934934934936	0.0030872087539296138
-4.914914914914914	0.004035022456246326
-4.894894894894895	0.005434664372514639
-4.874874874874875	0.007578941434779212
-4.854854854854855	0.010991624623458634
-4.834834834834836	0.01658887092828749
-4.814814814814814	0.025700822725215643
-4.794794794794795	0.03871628247802121
-4.774774774774775	0.05012503925105209
-4.754754754754755	0.04961317457115542
-4.734734734734736	0.0394763718913829
-4.714714714714714	0.02907787981126198
-4.694694694694695	0.02159994565614367
-4.674674674674675	0.01664347278192638
-4.654654654654653	0.01335629697048581
-4.634634634634636	0.011126674933035185
-4.614614614614614	0.009577443509402442
-4.594594594594595	0.008480923157281143
-4.574574574574575	0.007697714170366952
-4.554554554554553	0.007140562627483948
-4.534534534534536	0.006753806674487177
-4.514514514514514	0.006501631304068848
-4.494494494494495	0.006361257972630219
-4.474474474474475	0.006318959488094777
-4.454454454454453	0.006367759140944987
-4.4344344344344355	0.006506199171234164
-4.414414414414414	0.0067378590357277425
-4.394394394394395	0.007071483804240169
-4.374374374374375	0.0075217115715372675
-4.354354354354353	0.008110507082560219
-4.3343343343343355	0.00886955216156448
-4.314314314314314	0.0098440561394553
-4.2942942942942945	0.011098803308105507
-4.2742742742742745	0.012727883968777613
-4.254254254254253	0.014870730032972816
-4.234234234234235	0.017739360541144972
-4.214214214214214	0.021666374484127834
-4.1941941941941945	0.0271930251165432
-4.1741741741741745	0.03523828445771119
-4.154154154154153	0.04743876181973728
-4.134134134134135	0.06685951671375998
-4.1141141141141135	0.0994864767011134
-4.094094094094094	0.15692051022261744
-4.074074074074074	0.2567241060783752
-4.054054054054053	0.38996974350714214
-4.034034034034035	0.4352746598411552
-4.014014014014013	0.3346406028577569
-3.9939939939939944	0.22167942889253667
-3.9739739739739743	0.14871016952483004
-3.953953953953953	0.10551760687921492
-3.933933933933935	0.07929226043312886
-3.913913913913913	0.06261808088461807
-3.8938938938938943	0.05155291081770408
-3.8738738738738743	0.04395886867688648
-3.853853853853853	0.0386269387551885
-3.833833833833835	0.03484409225083474
-3.813813813813813	0.03217507903706896
-3.7937937937937942	0.03034830882683656
-3.773773773773774	0.02919399310237918
-3.753753753753753	0.028609802031096403
-3.733733733733735	0.0285418839410769
-3.713713713713713	0.028975193624497898
-3.693693693693694	0.029930241357844133
-3.673673673673674	0.031465246262111876
-3.653653653653653	0.033684098245534734
-3.633633633633635	0.03675207556352413
-3.6136136136136128	0.040923560044846576
-3.593593593593594	0.046590092804709236
-3.573573573573574	0.05436519039213901
-3.5535535535535527	0.06523931561244645
-3.533533533533535	0.08087612029754554
-3.5135135135135127	0.10420945878767815
-3.493493493493494	0.14071695453795163
-3.473473473473474	0.2012775129978743
-3.4534534534534527	0.30861367110474003
-3.433433433433435	0.5086396705543619
-3.4134134134134126	0.8530225429015078
-3.393393393393394	1.151255169847199
-3.3733733733733735	0.9551411320628891
-3.3533533533533526	0.5944461515597199
-3.333333333333335	0.36587205835107117
-3.3133133133133126	0.2413133649180795
-3.293293293293294	0.17105166075752176
-3.2732732732732734	0.12884502252196542
-3.2532532532532525	0.10200474800036656
-3.2332332332332347	0.0841538611152802
-3.2132132132132125	0.0718939699501795
-3.193193193193194	0.06331165888814319
-3.1731731731731734	0.05728041461672819
-3.1531531531531525	0.053116559111042766
-3.1331331331331347	0.050401404810908726
-3.1131131131131125	0.04888637055241334
-3.0930930930930938	0.04844255126195571
-3.0730730730730733	0.04903661747868832
-3.0530530530530524	0.05072513796094937
-3.0330330330330346	0.05366560959535074
-3.0130130130130124	0.058147863952099976
-2.9929929929929937	0.06465678138857671
-2.9729729729729732	0.07399043583848691
-2.9529529529529523	0.08748560029469095
-2.9329329329329346	0.10746634532786291
-2.9129129129129123	0.13818748434864336
-2.8928928928928936	0.1879435050842549
-2.872872872872873	0.27401103716561653
-2.8528528528528523	0.4337321194784686
-2.8328328328328345	0.7357788689171129
-2.8128128128128123	1.1573423565769592
-2.7927927927927936	1.1691495982801898
-2.772772772772773	0.7426075974967611
-2.752752752752752	0.4293755618737257
-2.7327327327327318	0.2652253344238167
-2.712712712712712	0.17805376708547785
-2.6926926926926935	0.1283517059245448
-2.672672672672673	0.09803143834618099
-2.652652652652652	0.07851403216812597
-2.6326326326326317	0.06544854185316701
-2.612612612612612	0.05648339950692123
-2.5925925925925934	0.05028032723299205
-2.572572572572573	0.04605049567852281
-2.552552552552552	0.043324262313253196
-2.5325325325325316	0.04183300936211453
-2.512512512512512	0.041449559752408854
-2.4924924924924934	0.04216349705546428
-2.472472472472473	0.044082742543049336
-2.452452452452452	0.047462960907105556
-2.4324324324324316	0.05277790528817743
-2.412412412412412	0.06086413252509721
-2.3923923923923933	0.07321820561713584
-2.372372372372373	0.09263311067641869
-2.352352352352352	0.12463551503563192
-2.3323323323323315	0.1808286269486798
-2.312312312312312	0.28572457037506316
-2.2922922922922933	0.47557325872337264
-2.272272272272273	0.6742606350403458
-2.252252252252252	0.5715967269222793
-2.2322322322322314	0.33724728309389657
-2.212212212212212	0.194510757549994
-2.192192192192193	0.12149288138245685
-2.1721721721721727	0.08244493160648873
-2.152152152152152	0.05997613260186594
-2.1321321321321314	0.046194674315918685
-2.112112112112112	0.03732333131867088
-2.0920920920920913	0.031427682473718424
-2.0720720720720727	0.02745727326081071
-2.0520520520520518	0.024817876524144435
-2.0320320320320313	0.023169584122935676
-2.0120120120120117	0.02232826065963088
-1.9919919919919913	0.02221924628372653
-1.9719719719719722	0.022862437175344915
-1.9519519519519521	0.0243833321610513
-1.9319319319319312	0.0270569073758474
-1.9119119119119112	0.031408995711083285
-1.8918918918918912	0.03843706947435026
-1.871871871871872	0.050097720905238834
-1.851851851851852	0.0703700821887644
-1.8318318318318312	0.10702936197618872
-1.8118118118118112	0.16854485384051596
-1.7917917917917912	0.2220598905297195
-1.771771771771772	0.18260998005093426
-1.751751751751752	0.10956709004875677
-1.7317317317317311	0.06433756215692313
-1.711711711711711	0.04065693790452015
-1.691691691691691	0.02783451719808435
-1.671671671671672	0.02042978584384781
-1.651651651651652	0.01590598196292759
-1.631631631631631	0.01303146675623428
-1.611611611611611	0.011173337122159963
-1.591591591591591	0.009991967537238383
-1.571571571571572	0.009303834917023907
-1.551551551551551	0.009018500826464583
-1.531531531531531	0.009112087728212755
-1.511511511511511	0.009623427717825107
-1.491491491491491	0.010671836023817305
-1.4714714714714718	0.012507167441766805
-1.451451451451451	0.015619375726583994
-1.431431431431431	0.02094485408754783
-1.411411411411411	0.030030231548366263
-1.391391391391391	0.04343202406962824
-1.3713713713713718	0.05221120235525684
-1.3513513513513509	0.042503597281656536
-1.3313313313313309	0.026805201539507707
-1.3113113113113108	0.016470228287326392
-1.2912912912912908	0.010765681879497689
-1.2712712712712717	0.007586219885368249
-1.2512512512512508	0.005731970564311548
-1.2312312312312308	0.004609149696347938
-1.2112112112112108	0.003921397225471427
-1.1911911911911908	0.0035172530905533232
-1.1711711711711716	0.0033212170563228656
-1.1511511511511507	0.0033037781021217666
-1.1311311311311307	0.0034713337172759874
-1.1111111111111107	0.0038694718752215764
-1.0910910910910907	0.004598334537514682
-1.0710710710710716	0.005830408202102698
-1.0510510510510507	0.007742099994905008
-1.0310310310310307	0.009965385154616157
-1.0110110110110107	0.010550504728687344
-0.9909909909909906	0.00833353755158045
-0.9709709709709715	0.005575780297590298
-0.9509509509509506	0.0036954575859939583
-0.9309309309309306	0.002593222880273614
-0.9109109109109106	0.0019558236551099964
-0.8908908908908906	0.001583404453591592
-0.8708708708708714	0.001370021235767748
-0.8508508508508505	0.0012624255499653523
-0.8308308308308305	0.001236797778439982
-0.8108108108108105	0.0012881195913510917
-0.7907907907907905	0.0014255300070940527
-0.7707707707707714	0.0016651936348540041
-0.7507507507507505	0.0019973366839952608
-0.7307307307307305	0.0022887724759055724
-0.7107107107107105	0.0022518860123537142
-0.6906906906906904	0.0018371526707456035
-0.6706706706706713	0.0013590280676386794
-0.6506506506506504	0.0010099315054538135
-0.6306306306306304	0.0007924427329884796
-0.6106106106106104	0.0006646609064806612
-0.5905905905905904	0.0005940575017774632
-0.5705705705705713	0.0005614571281353581
-0.5505505505505504	0.0005564198022469191
-0.5305305305305303	0.0005731307511270319
-0.5105105105105103	0.0006071482929595927
-0.4904904904904903	0.000652559115076222
-0.4704704704704712	0.000700835845226205
-0.4504504504504503	0.0007444645058136975
-0.4304304304304303	0.0007844073769279357
-0.41041041041041026	0.0008334575234176794
-0.39039039039039025	0.0009136324085220698
-0.3703703703703711	0.0010575655185426655
-0.3503503503503502	0.001325038311394692
-0.3303303303303302	0.0018543110558512277
-0.3103103103103102	0.0030206029705146364
-0.2902902902902902	0.005927696382543411
-0.2702702702702702	0.013027764742135151
-0.25025025025025016	0.022605908717463957
-0.23023023023023015	0.02788680753506893
-0.21021021021021014	0.037290674708688167
-0.19019019019019012	0.0642429678245089
-0.1701701701701701	0.10934061104886185
-0.1501501501501501	0.12824487145244703
-0.13013013013013008	0.15390134576175682
-0.11011011011011007	0.22771448308119543
-0.09009009009009006	0.27469401937840127
-0.07007007007007005	0.2922424383448424
-0.05005005005005003	0.36094197161728847
-0.03003003003003002	0.3762825975034759
-0.010010010010010006	0.39221251972081006
0.010010010010010006	0.3966167513998921
0.03003003003003002	0.37128174681145204
0.05005005005005003	0.3646241543987915
0.07007007007007005	0.2948727360548443
0.09009009009009006	0.26575530417387594
0.11011011011011007	0.2336685129766141
0.13013013013013008	0.15789382263220764
0.1501501501501501	0.12248544765034419
0.1701701701701701	0.10721476171159144
0.19019019019019012	0.06856024721776512
0.21021021021021014	0.038324390378508995
0.23023023023023015	0.026390531154209893
0.25025025025025016	0.02106391900098142
0.2702702702702702	0.013546318438710151
0.2902902902902902	0.006472778792520041
0.3103103103103102	0.003202305638383828
0.3303303303303302	0.0018820869465027842
0.3503503503503502	0.0012951444152466721
0.37037037037037024	0.001003300164357566
0.39039039039039025	0.0008478053626492603
0.41041041041041026	0.0007644182585080216
0.4304304304304303	0.0007227620290531681
0.4504504504504503	0.0007043020879234372
0.4704704704704703	0.000694206502915067
0.4904904904904903	0.0006811720259428953
0.5105105105105103	0.0006613516910407332
0.5305305305305303	0.0006393155969794504
0.5505505505505504	0.0006236610861505989
0.5705705705705704	0.000622703973754416
0.5905905905905904	0.0006439299273622856
0.6106106106106104	0.0006960798687002171
0.6306306306306304	0.0007921431787622014
0.6506506506506504	0.0009521882191018917
0.6706706706706704	0.0012024100511657673
0.6906906906906922	0.0015561076159811482
0.7107107107107105	0.0019515090073942572
0.7307307307307305	0.002201316671944808
0.7507507507507505	0.0021634648840866194
0.7707707707707705	0.0019395592916126182
0.7907907907907923	0.0017023027811301414
0.8108108108108105	0.0015323480663808208
0.8308308308308305	0.0014442453350174548
0.8508508508508505	0.001435669166486978
0.8708708708708706	0.0015089776877528517
0.8908908908908924	0.0016797377157748402
0.9109109109109106	0.0019845484439009607
0.9309309309309306	0.0024945227392535255
0.9509509509509506	0.003337263338813733
0.9709709709709706	0.004711427209382377
0.9909909909909924	0.006777167010825527
1.0110110110110107	0.00908819493651461
1.0310310310310307	0.010051812960750736
1.0510510510510507	0.00895373861102224
1.0710710710710707	0.007157855537791795
1.0910910910910925	0.005698259629145899
1.1111111111111107	0.004732657723250632
1.1311311311311307	0.004153685599546626
1.1511511511511507	0.0038544471486834874
1.1711711711711708	0.003772131938994834
1.1911911911911925	0.0038839107615298357
1.2112112112112108	0.004202390160875484
1.2312312312312308	0.004780076594059642
1.2512512512512508	0.005727858330723586
1.2712712712712708	0.007258124426663685
1.2912912912912926	0.009775986321428445
1.3113113113113108	0.014057148945787874
1.3313313313313309	0.02148005427756208
1.3513513513513509	0.03349232756083463
1.3713713713713709	0.04671393307041243
1.3913913913913927	0.04834730804270747
1.411411411411411	0.03779970107254934
1.431431431431431	0.02702748110624796
1.451451451451451	0.01986047296415509
1.471471471471471	0.01549443087883005
1.4914914914914927	0.012856144966235147
1.511511511511511	0.011281307615309672
1.531531531531531	0.010406324676778269
1.551551551551551	0.010042369714795388
1.571571571571571	0.010104918492664977
1.5915915915915928	0.010581811136452395
1.611611611611611	0.011525843615938317
1.631631631631631	0.013067966210689258
1.651651651651651	0.015457231642429492
1.671671671671671	0.019148602419581363
1.6916916916916929	0.024990922027766305
1.711711711711711	0.03463951388353833
1.7317317317317311	0.051466596138436266
1.7517517517517511	0.08227304654866036
1.7717717717717711	0.13706755244903174
1.791791791791793	0.2038721091582333
1.8118118118118112	0.20619617955369932
1.8318318318318312	0.1461893509850675
1.8518518518518512	0.09552435578304326
1.8718718718718712	0.06558082760683795
1.891891891891893	0.04840161321332833
1.9119119119119112	0.03817868660095721
1.9319319319319312	0.031871891837195354
1.9519519519519513	0.027923796227424982
1.971971971971973	0.025513483937094183
1.991991991991993	0.02420022320500646
2.0120120120120117	0.02375584924979612
2.0320320320320313	0.024086559023971978
2.0520520520520513	0.02520084080305316
2.072072072072073	0.027206604662067747
2.092092092092093	0.03033485444173543
2.112112112112112	0.03499930017644032
2.1321321321321314	0.04191931524774608
2.1521521521521514	0.05237121284702653
2.172172172172173	0.0687226863493017
2.192192192192193	0.09563264245039747
2.212212212212212	0.14285428852015392
2.2322322322322314	0.2313829122190711
2.2522522522522515	0.39860340240814474
2.2722722722722732	0.627462916425698
2.2922922922922933	0.6420662140208688
2.312312312312312	0.42855785557396736
2.3323323323323315	0.26216063010320306
2.3523523523523515	0.170600709937055
2.3723723723723733	0.1202828929007103
2.3923923923923933	0.09093043316638953
2.412412412412412	0.0727940743254124
2.4324324324324316	0.06110292912083742
2.4524524524524516	0.05338767102046931
2.4724724724724734	0.04830034638816196
2.4924924924924934	0.04507780216775982
2.512512512512512	0.04328560662288698
2.5325325325325316	0.042691529794127867
2.5525525525525516	0.04320397705066985
2.5725725725725734	0.04484741322396082
2.5925925925925934	0.047764134902570476
2.612612612612612	0.05224221449331401
2.6326326326326317	0.058779485609672145
2.6526526526526517	0.06820899659642354
2.6726726726726735	0.0819428064026666
2.6926926926926935	0.1024628647156072
2.712712712712712	0.13436423091340566
2.7327327327327318	0.18670812590340083
2.7527527527527518	0.2785556064966587
2.7727727727727736	0.45109135224758684
2.7927927927927936	0.7756973814815447
2.8128128128128123	1.1933119747949772
2.832832832832832	1.1461174938128997
2.852852852852852	0.7245183156250186
2.8728728728728736	0.4294923863791795
2.8928928928928936	0.2728040209722143
2.9129129129129123	0.1877838227692271
2.932932932932932	0.13835278359302938
2.952952952952952	0.10769689532420686
2.9729729729729737	0.08768585835021998
2.9929929929929937	0.07412466113007768
3.0130130130130124	0.0647109412494539
3.033033033033032	0.05811482787493748
3.053053053053052	0.05353888932338276
3.0730730730730738	0.05049579277352014
3.0930930930930938	0.04869117632989397
3.1131131131131125	0.04796094118814773
3.133133133133132	0.04823918572696499
3.153153153153154	0.04954581713210246
3.173173173173174	0.05198983906854903
3.193193193193194	0.055789283527470125
3.2132132132132125	0.06131416726000384
3.233233233233232	0.06916743087112463
3.253253253253254	0.08033552119437097
3.273273273273274	0.09647632812106188
3.293293293293294	0.1204952206758474
3.3133133133133126	0.15775987929681456
3.333333333333332	0.21878619845955863
3.353353353353354	0.325182344866921
3.373373373373374	0.5198420187537689
3.393393393393394	0.8504508028638322
3.4134134134134126	1.139154317985892
3.433433433433432	0.9430597477080814
3.453453453453454	0.5754897220496544
3.473473473473474	0.3440309095682292
3.493493493493494	0.21990571445601872
3.5135135135135127	0.15099391252189068
3.5335335335335323	0.11013030416541508
3.553553553553554	0.08437025146209123
3.573573573573574	0.06729231704037657
3.593593593593594	0.055509740211366766
3.6136136136136128	0.04712800629907289
3.6336336336336323	0.04103175660842391
3.653653653653654	0.03653588330652466
3.673673673673674	0.03320526650156285
3.693693693693694	0.030757077926373475
3.713713713713713	0.029005729552987473
3.7337337337337324	0.027831026074222075
3.753753753753754	0.02715967196674768
3.773773773773774	0.026955042945933528
3.7937937937937942	0.027212675793720685
3.813813813813813	0.027960475398857203
3.8338338338338325	0.029263828397182914
3.8538538538538543	0.03123710939924759
3.8738738738738743	0.034064996336472565
3.8938938938938943	0.03804047303523525
3.913913913913913	0.04363322557576045
3.9339339339339325	0.05161636055085098
3.9539539539539543	0.06330988294329513
3.9739739739739743	0.08106399417615949
3.9939939939939944	0.10922163962941715
4.014014014014013	0.1558167995184912
4.034034034034033	0.23343819903520016
4.054054054054054	0.34378183740093676
4.074074074074074	0.41037486984898264
4.094094094094094	0.3338126083207651
4.114114114114113	0.21307797617150467
4.134134134134133	0.13136751904894556
4.1541541541541545	0.0846872194608319
4.1741741741741745	0.057786883619427985
4.1941941941941945	0.041505269746844105
4.214214214214213	0.031124634231021468
4.234234234234233	0.024194648419300215
4.2542542542542545	0.019385508257434146
4.2742742742742745	0.01593926372135184
4.2942942942942945	0.013403640395986653
4.314314314314313	0.011497579019784477
4.334334334334333	0.010040167640922174
4.354354354354355	0.008911412311289172
4.374374374374375	0.008029710578459833
4.394394394394395	0.007338457283658755
4.414414414414413	0.006797839580223025
4.434434434434436	0.006379689990215011
4.454454454454455	0.006064208247093708
4.474474474474475	0.005837872131529934
4.494494494494495	0.005692145220635684
4.514514514514513	0.0056227614995800305
4.5345345345345365	0.005629479725319699
4.554554554554555	0.005716287789120498
4.574574574574575	0.0058921234949146995
4.594594594594595	0.006172287796286886
4.614614614614613	0.006580893688359039
4.6346346346346365	0.007154974547696835
4.654654654654655	0.007951364723374642
4.674674674674675	0.009058307216543797
4.694694694694695	0.010615050792106003
4.714714714714713	0.012843914918614809
4.734734734734737	0.016095747046073167
4.754754754754755	0.020876418959629016
4.774774774774775	0.027655421164895982
4.794794794794795	0.03574874951328061
4.814814814814813	0.0408466242606772
4.834834834834837	0.037209586412393594
4.854854854854855	0.027498169443747347
4.874874874874875	0.018461306844241805
4.894894894894895	0.012276283266973671
4.914914914914913	0.008378542799224857
4.934934934934937	0.005921749546948676
4.954954954954955	0.004330956980027059
4.974974974974975	0.0032662546231873603
4.994994994994995	0.002530339888064171
5.015015015015013	0.0020066246436749773
5.035035035035037	0.0016241996720725673
5.055055055055055	0.0013385826025627422
5.075075075075075	0.0011210260474766704
5.095095095095095	0.0009524344356134235
5.115115115115113	0.0008198039455994863
5.135135135135137	0.0007140788923163236
5.155155155155155	0.0006288254495302674
5.175175175175175	0.0005593900473941593
5.195195195195195	0.0005023527646172622
5.215215215215213	0.00045516470820752044
5.235235235235237	0.0004159027876816182
5.255255255255255	0.0003831010002383744
5.275275275275275	0.00035563258664625034
5.295295295295295	0.0003326266635048625
5.315315315315313	0.0003134086691385671
5.335335335335337	0.0002974575898430222
5.355355355355355	0.0002843752821075998
5.375375375375375	0.0002738647635340969
5.395395395395395	0.0002657154077250816
5.4154154154154135	0.00025979373091338854
5.435435435435437	0.0002560390158936281
5.455455455455455	0.00025446344985119467
5.475475475475475	0.000255156781293005
5.495495495495495	0.0002582956882798273
5.515515515515514	0.00026415792778811847
5.535535535535537	0.0002731404432310828
5.555555555555555	0.00028577780020106895
5.575575575575575	0.00030274990008141006
5.595595595595595	0.0003248498596502031
5.615615615615614	0.0003528421495412596
5.635635635635637	0.0003870594166152218
5.655655655655655	0.0004264645047685124
5.675675675675675	0.0004668878020655744
5.6956956956956954	0.000498852584806931
5.715715715715717	0.0005077843698137954
5.735735735735737	0.0004813506643430538
5.7557557557557555	0.00042129420417874266
5.7757757757757755	0.00034456828947868263
5.7957957957957955	0.0002700723840106335
5.815815815815817	0.00020812938328656114
5.835835835835837	0.00016070875395664716
5.8558558558558556	0.00012576535831580112
5.875875875875876	0.00010033382750482648
5.895895895895896	8.179307986041618e-5
5.915915915915917	6.815249726138095e-5
5.935935935935937	5.798864533974369e-5
5.955955955955956	5.0306445939899925e-5
5.975975975975976	4.4413574260710046e-5
5.995995995995996	3.982631311569319e-5
6.016016016016017	3.620373445999124e-5
6.0360360360360374	3.330292026256292e-5
6.056056056056057	3.0948740652508273e-5
6.076076076076077	2.9013424110979915e-5
6.096096096096095	2.7402655091167113e-5
6.1161161161161175	2.6046025609327007e-5
6.1361361361361375	2.489040784417405e-5
6.156156156156157	2.389530314463148e-5
6.176176176176177	2.302954164963524e-5
6.196196196196195	2.2268914671279697e-5
6.216216216216218	2.1594458220906863e-5
6.236236236236238	2.099119594790001e-5
6.256256256256257	2.0447209599087875e-5
6.276276276276277	1.9952945324978542e-5
6.296296296296295	1.9500691461688498e-5
6.316316316316318	1.9084182139387362e-5
6.336336336336338	1.8698294034326397e-5
6.356356356356357	1.8338812649212062e-5
6.376376376376377	1.8002250908057814e-5
6.396396396396395	1.7685707412002418e-5
6.416416416416418	1.7386754979942034e-5
6.436436436436438	1.7103352472989877e-5
6.456456456456457	1.6833774637000093e-5
6.476476476476477	1.6576555974891273e-5
6.496496496496495	1.6330445607962362e-5
6.516516516516518	1.6094370793044566e-5
6.536536536536538	1.5867407294443353e-5
6.556556556556557	1.5648755212321997e-5
6.576576576576577	1.54377191758257e-5
6.596596596596595	1.5233692044128673e-5
6.616616616616618	1.5036141439523823e-5
6.636636636636638	1.4844598576811978e-5
6.656656656656657	1.4658648962347378e-5
6.676676676676677	1.447792462146156e-5
6.696696696696695	1.430209758009743e-5
6.716716716716718	1.4130874379489672e-5
6.736736736736738	1.3963991444776019e-5
6.756756756756757	1.3801211161921335e-5
6.776776776776777	1.3642318544134552e-5
6.796796796796795	1.3487118390478246e-5
6.816816816816818	1.3335432856719914e-5
6.836836836836838	1.3187099372512165e-5
6.856856856856857	1.3041968850386356e-5
6.876876876876877	1.2899904141332729e-5
6.896896896896898	1.2760778699331141e-5
6.916916916916918	1.2624475423423196e-5
6.936936936936938	1.2490885651038356e-5
6.956956956956957	1.2359908280513047e-5
6.976976976976977	1.2231449004238714e-5
6.996996996996998	1.2105419636777323e-5
7.017017017017018	1.1981737524697628e-5
7.037037037037038	1.1860325026900624e-5
7.057057057057057	1.1741109055888252e-5
7.077077077077077	1.162402067184281e-5
7.097097097097098	1.1508994722573105e-5
7.117117117117118	1.139596952338455e-5
7.137137137137138	1.1284886571776424e-5
7.157157157157157	1.117569029258554e-5
7.177177177177177	1.106832780980301e-5
7.197197197197198	1.0962748741807485e-5
7.217217217217218	1.0858905017198334e-5
7.237237237237238	1.0756750708787975e-5
7.257257257257257	1.0656241883634317e-5
7.277277277277277	1.0557336467269645e-5
7.297297297297298	1.0459994120519258e-5
7.317317317317318	1.036417612750672e-5
7.337337337337338	1.0269845293618292e-5
7.357357357357357	1.0176965852350937e-5
7.377377377377377	1.0085503380099308e-5
7.397397397397398	9.995424718051202e-6
7.417417417417418	9.906697900459513e-6
7.437437437437438	9.819292088644792e-6
7.4574574574574575	9.73317751015739e-6
7.4774774774774775	9.64832540259341e-6
7.497497497497498	9.564707961615918e-6
7.517517517517518	9.482298292782771e-6
7.537537537537538	9.401070366826302e-6
7.5575575575575575	9.320998978068658e-6
7.5775775775775776	9.242059705690386e-6
7.5975975975975985	9.16422887759976e-6
7.6176176176176185	9.087483536676658e-6
7.6376376376376385	9.011801409188017e-6
7.657657657657658	8.937160875192605e-6
7.677677677677678	8.863540940770943e-6
7.6976976976976985	8.790921211932543e-6
7.7177177177177185	8.719281870066923e-6
7.7377377377377385	8.648603648817692e-6
7.757757757757758	8.578867812270486e-6
7.777777777777778	8.510056134355619e-6
7.797797797797799	8.442150879375508e-6
7.817817817817819	8.37513478357505e-6
7.837837837837839	8.308991037680396e-6
7.857857857857858	8.243703270338226e-6
7.877877877877878	8.179255532393401e-6
7.897897897897899	8.115632281948298e-6
7.917917917917919	8.052818370151783e-6
7.937937937937939	7.990799027670144e-6
7.957957957957958	7.929559851796287e-6
7.977977977977978	7.869086794156823e-6
7.997997997997999	7.809366148980087e-6
8.018018018018019	7.750384541890842e-6
8.038038038038039	7.692128919200136e-6
8.058058058058059	7.634586537661187e-6
8.078078078078079	7.577744954664275e-6
8.098098098098099	7.521592018845665e-6
8.118118118118119	7.466115861087341e-6
8.138138138138139	7.411304885886043e-6
8.158158158158159	7.357147763071547e-6
8.178178178178179	7.303633419855556e-6
8.198198198198199	7.250751033193825e-6
8.218218218218219	7.198490022445307e-6
8.238238238238239	7.146840042313171e-6
8.258258258258259	7.09579097605355e-6
8.278278278278279	7.045332928938749e-6
8.298298298298299	6.995456221962525e-6
8.318318318318319	6.946151385775777e-6
8.338338338338339	6.89740915484173e-6
8.358358358358359	6.8492204618003445e-6
8.378378378378379	6.801576432032301e-6
8.398398398398399	6.754468378413459e-6
8.418418418418419	6.707887796251245e-6
8.438438438438439	6.661826358394883e-6
8.458458458458459	6.61627591051186e-6
8.478478478478479	6.5712284665234185e-6
8.498498498498499	6.526676204192292e-6
8.518518518518519	6.482611460856228e-6
8.538538538538539	6.4390267293012316e-6
8.558558558558559	6.3959146537687406e-6
8.578578578578579	6.353268026091273e-6
8.598598598598599	6.3110797819513525e-6
8.618618618618619	6.2693429972587926e-6
8.63863863863864	6.228050884641647e-6
8.65865865865866	6.1871967900463905e-6
8.67867867867868	6.1467741894430936e-6
8.6986986986987	6.106776685631559e-6
8.71871871871872	6.067198005144601e-6
8.73873873873874	6.028031995244784e-6
8.75875875875876	5.989272621011175e-6
8.77877877877878	5.9509139625127545e-6
8.7987987987988	5.912950212065327e-6
8.81881881881882	5.8753756715689055e-6
8.83883883883884	5.838184749922674e-6
8.85885885885886	5.80137196051475e-6
8.87887887887888	5.764931918784131e-6
8.8988988988989	5.728859339852258e-6
8.91891891891892	5.693149036221807e-6
8.93893893893894	5.6577959155403655e-6
8.95895895895896	5.62279497842679e-6
8.97897897897898	5.588141316358098e-6
8.998998998999	5.553830109614868e-6
9.01901901901902	5.519856625283181e-6
9.03903903903904	5.4862162153112255e-6
9.05905905905906	5.452904314618768e-6
9.07907907907908	5.419916439257745e-6
9.0990990990991	5.387248184622331e-6
9.11911911911912	5.354895223706867e-6
9.13913913913914	5.322853305410123e-6
9.15915915915916	5.291118252884412e-6
9.17917917917918	5.259685961928146e-6
9.1991991991992	5.2285523994204435e-6
9.21921921921922	5.197713601796502e-6
9.23923923923924	5.167165673562447e-6
9.25925925925926	5.136904785848446e-6
9.27927927927928	5.106927174998913e-6
9.2992992992993	5.077229141198667e-6
9.31931931931932	5.047807047133968e-6
9.33933933933934	5.018657316687345e-6
9.35935935935936	4.989776433665252e-6
9.37937937937938	4.9611609405575215e-6
9.3993993993994	4.932807437327711e-6
9.41941941941942	4.90471258023341e-6
9.43943943943944	4.876873080675638e-6
9.45945945945946	4.849285704076476e-6
9.47947947947948	4.821947268784129e-6
9.4994994994995	4.794854645004604e-6
9.51951951951952	4.768004753759257e-6
9.53953953953954	4.741394565867464e-6
9.55955955955956	4.715021100953703e-6
9.57957957957958	4.688881426478348e-6
9.5995995995996	4.662972656791524e-6
9.61961961961962	4.637291952209365e-6
9.63963963963964	4.611836518112043e-6
9.65965965965966	4.5866036040629915e-6
9.67967967967968	4.5615905029487075e-6
9.6996996996997	4.5367945501385876e-6
9.71971971971972	4.5122131226642345e-6
9.73973973973974	4.487843638417725e-6
9.75975975975976	4.463683555368296e-6
9.77977977977978	4.439730370796984e-6
9.7997997997998	4.415981620548711e-6
9.81981981981982	4.3924348783013576e-6
9.83983983983984	4.369087754851383e-6
9.85985985985986	4.345937897415533e-6
9.87987987987988	4.322982988948226e-6
9.8998998998999	4.300220747474202e-6
9.91991991991992	4.277648925436031e-6
9.93993993993994	4.2552653090561015e-6
9.95995995995996	4.233067717712699e-6
9.97997997997998	4.211054003329833e-6
10.0	4.189222049780436e-6
