-10.0	4.189259531033942e-6
-9.97997997997998	4.211092526648528e-6
-9.95995995995996	4.233107317619155e-6
-9.93993993993994	4.2553060213893475e-6
-9.91991991991992	4.277690787408087e-6
-9.8998998998999	4.3002637977293115e-6
-9.87987987987988	4.32302726762492e-6
-9.85985985985986	4.345983446211674e-6
-9.83983983983984	4.369134617092356e-6
-9.81981981981982	4.3924830990115566e-6
-9.7997997997998	4.416031246526518e-6
-9.77977977977978	4.439781450693409e-6
-9.75975975975976	4.463736139769479e-6
-9.73973973973974	4.487897779931519e-6
-9.71971971971972	4.512268876011076e-6
-9.6996996996997	4.536851972246887e-6
-9.67967967967968	4.561649653055026e-6
-9.65965965965966	4.586664543817239e-6
-9.63963963963964	4.611899311687998e-6
-9.61961961961962	4.637356666420794e-6
-9.5995995995996	4.6630393612142214e-6
-9.57957957957958	4.688950193578418e-6
-9.55955955955956	4.71509200622245e-6
-9.53953953953954	4.741467687963242e-6
-9.51951951951952	4.768080174656686e-6
-9.4994994994995	4.7949324501515725e-6
-9.47947947947948	4.822027547267019e-6
-9.45945945945946	4.849368548794089e-6
-9.43943943943944	4.876958588522321e-6
-9.41941941941942	4.904800852291918e-6
-9.3993993993994	4.932898579072362e-6
-9.37937937937938	4.961255062068259e-6
-9.35935935935936	4.98987364985325e-6
-9.33933933933934	5.018757747532832e-6
-9.31931931931932	5.047910817937004e-6
-9.2992992992993	5.077336382843636e-6
-9.27927927927928	5.107038024233555e-6
-9.25925925925926	5.137019385578311e-6
-9.23923923923924	5.167284173161691e-6
-9.21921921921922	5.19783615743602e-6
-9.1991991991992	5.228679174414407e-6
-9.17917917917918	5.259817127100066e-6
-9.15915915915916	5.291253986953926e-6
-9.13913913913914	5.3229937954018e-6
-9.11911911911912	5.355040665382399e-6
-9.0990990990991	5.387398782937562e-6
-9.07907907907908	5.420072408846115e-6
-9.05905905905906	5.453065880302831e-6
-9.03903903903904	5.486383612644027e-6
-9.01901901901902	5.520030101121396e-6
-8.998998998999	5.554009922725744e-6
-8.97897897897898	5.588327738062372e-6
-8.95895895895896	5.622988293279923e-6
-8.93893893893894	5.657996422054574e-6
-8.91891891891892	5.693357047631576e-6
-8.8988988988989	5.729075184926187e-6
-8.87887887887888	5.765155942686178e-6
-8.85885885885886	5.801604525718163e-6
-8.83883883883884	5.838426237180119e-6
-8.81881881881882	5.875626480942584e-6
-8.7987987987988	5.913210764021107e-6
-8.77877877877878	5.951184699082691e-6
-8.75875875875876	5.989554007029058e-6
-8.73873873873874	6.028324519659744e-6
-8.71871871871872	6.067502182418147e-6
-8.6986986986987	6.107093057223832e-6
-8.67867867867868	6.14710332539456e-6
-8.65865865865866	6.187539290661667e-6
-8.63863863863864	6.228407382282641e-6
-8.618618618618619	6.2697141582549165e-6
-8.598598598598599	6.31146630863515e-6
-8.578578578578579	6.353670658968434e-6
-8.558558558558559	6.396334173832193e-6
-8.538538538538539	6.439463960499741e-6
-8.518518518518519	6.483067272728756e-6
-8.498498498498499	6.527151514680261e-6
-8.478478478478479	6.571724244973974e-6
-8.458458458458459	6.6167931808862855e-6
-8.438438438438439	6.662366202697447e-6
-8.418418418418419	6.708451358194985e-6
-8.398398398398399	6.755056867340759e-6
-8.378378378378379	6.802191127109564e-6
-8.358358358358359	6.849862716507649e-6
-8.338338338338339	6.898080401780066e-6
-8.318318318318319	6.946853141816365e-6
-8.298298298298299	6.9961900937647145e-6
-8.278278278278279	7.046100618865259e-6
-8.258258258258259	7.096594288514216e-6
-8.238238238238239	7.147680890571005e-6
-8.218218218218219	7.19937043592157e-6
-8.198198198198199	7.2516731653119516e-6
-8.178178178178179	7.304599556467218e-6
-8.158158158158159	7.358160331511884e-6
-8.138138138138139	7.412366464709203e-6
-8.118118118118119	7.467229190537968e-6
-8.098098098098099	7.5227600121268775e-6
-8.078078078078079	7.578970710068056e-6
-8.058058058058059	7.635873351633e-6
-8.038038038038039	7.693480300416048e-6
-8.018018018018019	7.751804226432492e-6
-7.997997997997999	7.810858116700618e-6
-7.977977977977979	7.87065528633942e-6
-7.957957957957959	7.931209390216297e-6
-7.937937937937939	7.992534435182072e-6
-7.917917917917919	8.054644792933696e-6
-7.897897897897899	8.1175552135487e-6
-7.877877877877879	8.181280839739171e-6
-7.857857857857859	8.245837221877425e-6
-7.837837837837839	8.311240333850176e-6
-7.817817817817819	8.377506589803275e-6
-7.797797797797799	8.444652861844839e-6
-7.777777777777779	8.512696498780987e-6
-7.7577577577577586	8.581655345965459e-6
-7.7377377377377385	8.651547766352328e-6
-7.7177177177177185	8.722392662849656e-6
-7.6976976976976985	8.794209502081752e-6
-7.6776776776776785	8.867018339678456e-6
-7.6576576576576585	8.940839847221953e-6
-7.6376376376376385	9.01569534099509e-6
-7.6176176176176185	9.091606812690177e-6
-7.5975975975975985	9.168596962254083e-6
-7.577577577577578	9.24668923306427e-6
-7.557557557557558	9.32590784965144e-6
-7.537537537537538	9.406277858208233e-6
-7.517517517517518	9.487825170149882e-6
-7.497497497497498	9.570576609022707e-6
-7.477477477477478	9.654559961089918e-6
-7.457457457457458	9.739804029962161e-6
-7.437437437437438	9.826338695682983e-6
-7.417417417417418	9.914194978727754e-6
-7.397397397397398	1.000340510942925e-5
-7.377377377377378	1.0094002603405e-5
-7.357357357357358	1.0186022343631626e-5
-7.337337337337338	1.0279500669891152e-5
-7.317317317317318	1.0374475476404683e-5
-7.297297297297298	1.0470986318571907e-5
-7.277277277277277	1.056907452985222e-5
-7.257257257257258	1.0668783349957058e-5
-7.237237237237238	1.0770158065676113e-5
-7.217217217217218	1.0873246165834632e-5
-7.197197197197198	1.097809751207962e-5
-7.177177177177177	1.1084764527422145e-5
-7.157157157157158	1.1193302404726639e-5
-7.137137137137138	1.130376933764145e-5
-7.117117117117118	1.1416226776813637e-5
-7.097097097097098	1.153073971463391e-5
-7.077077077077077	1.1647377002222064e-5
-7.057057057057058	1.176621170290089e-5
-7.037037037037038	1.1887321487028987e-5
-7.017017017017018	1.2010789073784566e-5
-6.996996996996998	1.2136702726331205e-5
-6.976976976976977	1.2265156807771749e-5
-6.956956956956957	1.2396252406433365e-5
-6.936936936936938	1.2530098040353368e-5
-6.916916916916918	1.2666810452386053e-5
-6.896896896896898	1.280651550916647e-5
-6.876876876876877	1.2949349219296785e-5
-6.856856856856857	1.3095458888622535e-5
-6.836836836836838	1.3245004433410781e-5
-6.816816816816818	1.3398159875713464e-5
-6.796796796796798	1.3555115049299399e-5
-6.776776776776777	1.3716077549389938e-5
-6.756756756756757	1.3881274965184253e-5
-6.736736736736738	1.4050957440991048e-5
-6.716716716716718	1.4225400619911546e-5
-6.696696696696698	1.440490903370999e-5
-6.676676676676677	1.4589820014085945e-5
-6.656656656656657	1.4780508214422014e-5
-6.636636636636637	1.4977390847705972e-5
-6.616616616616618	1.5180933766309404e-5
-6.596596596596598	1.5391658533376436e-5
-6.576576576576577	1.561015066463213e-5
-6.556556556556557	1.5837069254570246e-5
-6.536536536536537	1.6073158243593498e-5
-6.516516516516518	1.6319259634454175e-5
-6.496496496496498	1.6576329029388494e-5
-6.476476476476477	1.684545393627473e-5
-6.456456456456457	1.7127875386243528e-5
-6.436436436436437	1.7425013520507542e-5
-6.416416416416418	1.7738497945858634e-5
-6.396396396396398	1.8070203832693344e-5
-6.376376376376377	1.8422294944577507e-5
-6.356356356356357	1.879727505429846e-5
-6.336336336336337	1.919804953069085e-5
-6.316316316316315	1.9627999289096143e-5
-6.296296296296298	2.0091069805998392e-5
-6.276276276276277	2.0591878530071428e-5
-6.256256256256257	2.1135844808704058e-5
-6.236236236236237	2.1729347429833633e-5
-6.216216216216215	2.2379916101649618e-5
-6.1961961961961975	2.309646471650322e-5
-6.176176176176177	2.3889576141940598e-5
-6.156156156156157	2.477185063693145e-5
-6.136136136136137	2.575833290508194e-5
-6.116116116116115	2.6867036380962898e-5
-6.0960960960960975	2.8119587718345165e-5
-6.076076076076077	2.954201971882245e-5
-6.056056056056057	3.116574717721561e-5
-6.036036036036037	3.302876730766696e-5
-6.016016016016015	3.5177134351184995e-5
-5.995995995995996	3.766676611441092e-5
-5.975975975975976	4.056564742055754e-5
-5.955955955955956	4.395649963504383e-5
-5.9359359359359365	4.793998279356807e-5
-5.915915915915915	5.263848106666849e-5
-5.895895895895896	5.820048310578103e-5
-5.875875875875876	6.480549042057814e-5
-5.8558558558558556	7.266924617307997e-5
-5.835835835835836	8.204884210122501e-5
-5.815815815815815	9.324689454532579e-5
-5.7957957957957955	0.00010661344560679973
-5.7757757757757755	0.00012254353076548172
-5.7557557557557555	0.00014146751903045934
-5.735735735735736	0.00016383058343206284
-5.715715715715715	0.00019005745457248554
-5.6956956956956954	0.00022049972149123235
-5.675675675675675	0.00025536636237723085
-5.655655655655655	0.0002946446336046845
-5.635635635635636	0.0003380273607781898
-5.6156156156156145	0.0003848710215680854
-5.595595595595595	0.00043421109126226537
-5.575575575575575	0.00048485109455222717
-5.555555555555555	0.0005355189279127791
-5.535535535535536	0.0005850568059744435
-5.5155155155155144	0.0006325946392784881
-5.495495495495495	0.0006776618132657269
-5.475475475475475	0.0007202168581622734
-5.455455455455455	0.0007606040800334822
-5.435435435435436	0.0007994658415373689
-5.415415415415414	0.000837642958514069
-5.395395395395395	0.0008760875818673092
-5.375375375375375	0.0009158008072663945
-5.355355355355355	0.0009577971105501924
-5.335335335335336	0.0010030918250780224
-5.315315315315314	0.0010527058181010209
-5.295295295295295	0.001107681828904264
-5.275275275275275	0.0011691082506482685
-5.255255255255255	0.0012381476130303042
-5.235235235235236	0.0013160682516293774
-5.215215215215214	0.0014042785148038045
-5.195195195195195	0.0015043633758918674
-5.175175175175175	0.001618123539953078
-5.155155155155155	0.0017476171020260074
-5.135135135135136	0.0018952035388426138
-5.115115115115114	0.002063589272720652
-5.095095095095095	0.0022558731735007765
-5.075075075075075	0.0024755890686619336
-5.055055055055055	0.0027267404987494337
-5.035035035035036	0.0030138204731238933
-5.015015015015014	0.003341805788182711
-4.994994994994995	0.0037161116422655955
-4.974974974974975	0.004142488173755015
-4.954954954954955	0.004626837001882256
-4.934934934934936	0.005174924434760364
-4.914914914914914	0.0057919712230395555
-4.894894894894895	0.0064821099385961424
-4.874874874874875	0.007247723793694117
-4.854854854854855	0.008088717038352275
-4.834834834834836	0.009001814685342563
-4.814814814814814	0.009980038255434167
-4.794794794794795	0.011012535287707721
-4.774774774774775	0.012084928545289307
-4.754754754754755	0.013180276512155293
-4.734734734734736	0.01428060172477584
-4.714714714714714	0.015368782243010295
-4.694694694694695	0.01643047490934915
-4.674674674674675	0.01745570591564275
-4.654654654654653	0.018439846606088807
-4.634634634634636	0.01938385902493087
-4.614614614614614	0.0202938784122631
-4.594594594594595	0.02118033212709825
-4.574574574574575	0.02205684335056163
-4.554554554554553	0.02293914079971148
-4.534534534534536	0.02384412472355155
-4.514514514514514	0.024789159689201076
-4.494494494494495	0.025791599671713926
-4.474474474474475	0.026868509662627393
-4.454454454454453	0.028036528711938666
-4.4344344344344355	0.029311815526890637
-4.414414414414414	0.030710022572987182
-4.394394394394395	0.03224625290946186
-4.374374374374375	0.03393496282758364
-4.354354354354353	0.03578978171609964
-4.3343343343343355	0.037823228725583705
-4.314314314314314	0.040046314770114756
-4.2942942942942945	0.04246802951999037
-4.2742742742742745	0.04509472751521876
-4.254254254254253	0.04792944600028137
-4.234234234234235	0.05097120906608438
-4.214214214214214	0.054214396039567236
-4.1941941941941945	0.057648272598708174
-4.1741741741741745	0.061256794700463135
-4.154154154154153	0.06501879101962392
-4.134134134134135	0.0689086031669586
-4.1141141141141135	0.07289721223886751
-4.094094094094094	0.07695380943813042
-4.074074074074074	0.08104768934904732
-4.054054054054053	0.08515027458946446
-4.034034034034035	0.08923703876701339
-4.014014014014013	0.09328909437404605
-3.9939939939939944	0.09729425612468745
-3.9739739739739743	0.10124746846910215
-3.953953953953953	0.10515057953037409
-3.933933933933935	0.1090115308025233
-3.913913913913913	0.11284309541851464
-3.8938938938938943	0.11666132945851364
-3.8738738738738743	0.12048390203645862
-3.853853853853853	0.12432844906884989
-3.833833833833835	0.12821106368349802
-3.813813813813813	0.132145003093646
-3.7937937937937942	0.13613966403525882
-3.773773773773774	0.1401998591652879
-3.753753753753753	0.14432541436556484
-3.733733733733735	0.14851109867685758
-3.713713713713713	0.15274689067264813
-3.693693693693694	0.15701857385066478
-3.673673673673674	0.16130863676721297
-3.653653653653653	0.16559743090037501
-3.633633633633635	0.16986451270280808
-3.6136136136136128	0.17409007024078962
-3.593593593593594	0.17825631477535342
-3.573573573573574	0.18234870913446038
-3.5535535535535527	0.18635691162856483
-3.533533533533535	0.19027533750862644
-3.5135135135135127	0.1941032769999597
-3.493493493493494	0.1978445542124245
-3.473473473473474	0.20150675758348305
-3.4534534534534527	0.20510011307881756
-3.433433433433435	0.20863610120378423
-3.4134134134134126	0.21212593586153047
-3.393393393393394	0.2155790279318247
-3.3733733733733735	0.21900155179332362
-3.3533533533533526	0.22239522219850205
-3.333333333333335	0.22575637468631563
-3.3133133133133126	0.2290754264057831
-3.293293293293294	0.23233677546142478
-3.2732732732732734	0.23551917400134448
-3.2532532532532525	0.23859658115938817
-3.2332332332332347	0.24153946535607382
-3.2132132132132125	0.24431648213912438
-3.193193193193194	0.24689640741406862
-3.1731731731731734	0.24925016330302618
-3.1531531531531525	0.25135274372029753
-3.1331331331331347	0.2531848377836534
-3.1131131131131125	0.25473396744141363
-3.0930930930930938	0.2559950022065217
-3.0730730730730733	0.25696998350466776
-3.0530530530530524	0.2576672732840285
-3.0330330330330346	0.2581001226960695
-3.0130130130130124	0.25828482386987617
-2.9929929929929937	0.2582386517764681
-2.9729729729729732	0.2579778200385192
-2.9529529529529523	0.2575156656805298
-2.9329329329329346	0.25686124820496675
-2.9129129129129123	0.25601850419482325
-2.8928928928928936	0.25498604522173635
-2.872872872872873	0.2537576277137794
-2.8528528528528523	0.2523232606670361
-2.8328328328328345	0.25067085262035915
-2.8128128128128123	0.24878823672450776
-2.7927927927927936	0.24666535844078633
-2.772772772772773	0.24429637357374093
-2.752752752752752	0.24168139509583877
-2.7327327327327318	0.23882765336277315
-2.712712712712712	0.23574989770366309
-2.6926926926926935	0.23246996149784022
-2.672672672672673	0.22901552306648768
-2.652652652652652	0.22541820147442473
-2.6326326326326317	0.22171121056908366
-2.612612612612612	0.2179268430056154
-2.5925925925925934	0.21409406437807724
-2.572572572572573	0.2102364705987019
-2.552552552552552	0.20637080990844883
-2.5325325325325316	0.20250620627957397
-2.512512512512512	0.19864415272431418
-2.4924924924924934	0.1947792756516072
-2.472472472472473	0.19090080513409122
-2.452452452452452	0.1869946193039042
-2.4324324324324316	0.18304566461044777
-2.412412412412412	0.1790404930059509
-2.3923923923923933	0.17496961409595366
-2.372372372372373	0.17082935058725796
-2.352352352352352	0.16662292293522532
-2.3323323323323315	0.16236057903010062
-2.312312312312312	0.1580587179695957
-2.2922922922922933	0.15373810995053447
-2.272272272272273	0.14942145541621177
-2.252252252252252	0.14513062649293107
-2.2322322322322314	0.14088397536416022
-2.212212212212212	0.13669407717589827
-2.192192192192193	0.1325662125854582
-2.1721721721721727	0.12849780546927314
-2.152152152152152	0.12447892859836959
-2.1321321321321314	0.12049387866016723
-2.112112112112112	0.11652369827109348
-2.0920920920920913	0.11254938349308148
-2.0720720720720727	0.10855537000012415
-2.0520520520520518	0.1045327693856638
-2.0320320320320313	0.10048177739801438
-2.0120120120120117	0.09641274662819115
-1.9919919919919913	0.09234562715746379
-1.9719719719719722	0.08830779709355874
-1.9519519519519521	0.08433064583480368
-1.9319319319319312	0.080445531382837
-1.9119119119119112	0.07667983283328997
-1.8918918918918912	0.07305374780374957
-1.871871871871872	0.06957829239723454
-1.851851851851852	0.06625472752877176
-1.8318318318318312	0.06307542455761597
-1.8118118118118112	0.06002601811797386
-1.7917917917917912	0.057088558177578144
-1.771771771771772	0.05424523702611594
-1.751751751751752	0.051482123808557365
-1.7317317317317311	0.04879223172679295
-1.711711711711711	0.046177254550054024
-1.691691691691691	0.04364751408382741
-1.671671671671672	0.041220054238081914
-1.651651651651652	0.03891528167045368
-1.631631631631631	0.03675290158638202
-1.611611611611611	0.034747987963975074
-1.591591591591591	0.03290785470595848
-1.571571571571572	0.031230088398081737
-1.551551551551551	0.029701841716260446
-1.531531531531531	0.028300386817264354
-1.511511511511511	0.026994986594300968
-1.491491491491491	0.02575022745953061
-1.4714714714714718	0.024530855283670647
-1.451451451451451	0.02330768073835363
-1.431431431431431	0.022063316440024225
-1.411411411411411	0.020795823678537044
-1.391391391391391	0.019518480475050563
-1.3713713713713718	0.0182551719466737
-1.3513513513513509	0.017032757338951127
-1.3313313313313309	0.015872984297861933
-1.3113113113113108	0.014786391582633698
-1.2912912912912908	0.01376959261426139
-1.2712712712712717	0.012806350557249655
-1.2512512512512508	0.011872421189961839
-1.2312312312312308	0.010943757824845666
-1.2112112112112108	0.010006411861107374
-1.1911911911911908	0.009064358697801856
-1.1711711711711716	0.008140645981184219
-1.1511511511511507	0.0072702045060991025
-1.1311311311311307	0.006488095417763843
-1.1111111111111107	0.005819708122576114
-1.0910910910910907	0.005276842070981307
-1.0710710710710716	0.004858959064174912
-1.0510510510510507	0.004556403691533125
-1.0310310310310307	0.004352728585279151
-1.0110110110110107	0.004224872326602721
-0.9909909909909906	0.004141891885877469
-0.9709709709709715	0.00406534608170171
-0.9509509509509506	0.003956170841158373
-0.9309309309309306	0.003789480401549988
-0.9109109109109106	0.0035680407206892524
-0.8908908908908906	0.003319918924791674
-0.8708708708708714	0.003079714617836285
-0.8508508508508505	0.0028684536073790355
-0.8308308308308305	0.0026828468168098984
-0.8108108108108105	0.002494162358768556
-0.7907907907907905	0.0022601504589704175
-0.7707707707707714	0.00195778909879149
-0.7507507507507505	0.0016153133717819361
-0.7307307307307305	0.0012946993837322461
-0.7107107107107105	0.0010414416140000018
-0.6906906906906904	0.0008660442496540629
-0.6706706706706713	0.0007592221643439901
-0.6506506506506504	0.000708897835963459
-0.6306306306306304	0.000707839850599834
-0.6106106106106104	0.0007541829436929208
-0.5905905905905904	0.0008433679587218397
-0.5705705705705713	0.0009414098668319097
-0.5505505505505504	0.0009620270063968605
-0.5305305305305303	0.000860514210129485
-0.5105105105105103	0.0007194988457946146
-0.4904904904904903	0.0006162957893551973
-0.4704704704704712	0.000564468084642345
-0.4504504504504503	0.000556301737882235
-0.4304304304304303	0.0005874481926675218
-0.41041041041041026	0.0006632611182370872
-0.39039039039039025	0.0008034253674971322
-0.3703703703703711	0.001052566249035093
-0.3503503503503502	0.001503195480618633
-0.3303303303303302	0.0023371365745327175
-0.3103103103103102	0.003878853033521445
-0.2902902902902902	0.0066227020392318255
-0.2702702702702702	0.011210531854491898
-0.25025025025025016	0.018435614237346798
-0.23023023023023015	0.029283191279744717
-0.21021021021021014	0.044880878975324
-0.19019019019019012	0.0663512304477358
-0.1701701701701701	0.09453688285957981
-0.1501501501501501	0.12968841031243286
-0.13013013013013008	0.17116511868777398
-0.11011011011011007	0.21716587117287967
-0.09009009009009006	0.264809143471819
-0.07007007007007005	0.310339854285351
-0.05005005005005003	0.34960346616649834
-0.03003003003003002	0.3785610161780887
-0.010010010010010006	0.3939296027732039
0.010010010010010006	0.39392168725085586
0.03003003003003002	0.3785590928199368
0.05005005005005003	0.34961287902478516
0.07007007007007005	0.3103376915175817
0.09009009009009006	0.26479864776088197
0.11011011011011007	0.21716315909691128
0.13013013013013008	0.17117515593556656
0.1501501501501501	0.12970389159844778
0.1701701701701701	0.0945338561120877
0.19019019019019012	0.06634189568859108
0.21021021021021014	0.04486085992385324
0.23023023023023015	0.029273470674627378
0.25025025025025016	0.018448324942226122
0.2702702702702702	0.011225113746894931
0.2902902902902902	0.006630893285643722
0.3103103103103102	0.0038860777737634924
0.3303303303303302	0.002343777840285547
0.3503503503503502	0.0015065156259351736
0.37037037037037024	0.0010513736942828924
0.39039039039039025	0.0007978045999314488
0.41041041041041026	0.000653335359800122
0.4304304304304303	0.0005727250666602958
0.4504504504504503	0.0005353556488659754
0.4704704704704703	0.0005347749713046353
0.4904904904904903	0.0005749553175658056
0.5105105105105103	0.0006685972045649301
0.5305305305305303	0.000825483841304034
0.5505505505505504	0.0010032491094232414
0.5705705705705704	0.0010724260113049112
0.5905905905905904	0.0009892546300204277
0.6106106106106104	0.0008656292768684593
0.6306306306306304	0.0007803913384066798
0.6506506506506504	0.0007486563422894574
0.6706706706706704	0.0007688759461373202
0.6906906906906922	0.0008424987163655318
0.7107107107107105	0.000976585191516158
0.7307307307307305	0.0011795641317254538
0.7507507507507505	0.0014503603745947993
0.7707707707707705	0.0017642264892131694
0.7907907907907923	0.002073671531690779
0.8108108108108105	0.0023394553115473646
0.8308308308308305	0.002561315222914285
0.8508508508508505	0.002770377551370093
0.8708708708708706	0.0030004860258037516
0.8908908908908924	0.0032686893664847006
0.9109109109109106	0.003568317787275283
0.9309309309309306	0.0038704850922808773
0.9509509509509506	0.004136230155956114
0.9709709709709706	0.004338360826236767
0.9909909909909924	0.004478866898949912
1.0110110110110107	0.004587493040822358
1.0310310310310307	0.0047059546087034245
1.0510510510510507	0.004873235753801767
1.0710710710710707	0.005119381623473178
1.0910910910910925	0.0054651989416394375
1.1111111111111107	0.005923187969590367
1.1311311311311307	0.006497267159064922
1.1511511511511507	0.0071813199938720795
1.1711711711711708	0.00795829903481014
1.1911911911911925	0.00880229115819442
1.2112112112112108	0.009684840725799697
1.2312312312312308	0.010583911158624483
1.2512512512512508	0.01149124241619189
1.2712712712712708	0.012414274225032804
1.2912912912912926	0.013372111298979847
1.3113113113113108	0.014388078057227244
1.3313313313313309	0.01548202674985352
1.3513513513513509	0.016664420762492773
1.3713713713713709	0.01793305943707544
1.3913913913913927	0.019272863298489644
1.411411411411411	0.020658972987431426
1.431431431431431	0.022062858758285245
1.451451451451451	0.023460057254629
1.471471471471471	0.024837179463707167
1.4914914914914927	0.02619585019900824
1.511511511511511	0.027552477431695224
1.531531531531531	0.028934453791813183
1.551551551551551	0.030374502350937468
1.571571571571571	0.03190494973566815
1.5915915915915928	0.033553085759446544
1.611611611611611	0.03533805852495834
1.631631631631631	0.037269324921748226
1.651651651651651	0.03934655027653163
1.671671671671671	0.04156086106202339
1.6916916916916929	0.04389732509782835
1.711711711711711	0.0463383809036025
1.7317317317317311	0.04886769856492595
1.7517517517517511	0.05147375491215589
1.7717717717717711	0.05415238256730208
1.791791791791793	0.05690776156834747
1.8118118118118112	0.05975169731146668
1.8318318318318312	0.06270142119115857
1.8518518518518512	0.06577642281843832
1.8718718718718712	0.06899491980888621
1.891891891891893	0.07237052604839755
1.9119119119119112	0.07590956652427669
1.9319319319319312	0.07960936710823281
1.9519519519519513	0.08345774032274775
1.971971971971973	0.08743377577291563
1.991991991991993	0.09150989829175245
2.0120120120120117	0.09565496792820834
2.0320320320320313	0.09983799019899087
2.0520520520520513	0.10403184258767842
2.072072072072073	0.10821637221534924
2.092092092092093	0.11238031950594389
2.112112112112112	0.11652175835356958
2.1321321321321314	0.12064704693245903
2.1521521521521514	0.12476856497423848
2.172172172172173	0.12890170122298897
2.192192192192193	0.13306162083987447
2.212212212212212	0.1372603025054411
2.2322322322322314	0.14150422873035048
2.2522522522522515	0.1457929807986584
2.2722722722722732	0.15011885783741494
2.2922922922922933	0.15446751722617996
2.312312312312312	0.15881952088592233
2.3323323323323315	0.1631525689726617
2.3523523523523515	0.16744411596916922
2.3723723723723733	0.17167400837875857
2.3923923923923933	0.17582677458348428
2.412412412412412	0.17989324605467005
2.4324324324324316	0.18387129173905165
2.4524524524524516	0.18776558571067084
2.4724724724724734	0.1915864735200319
2.4924924924924934	0.19534812575770938
2.512512512512512	0.19906624741855605
2.5325325325325316	0.20275564161586612
2.5525525525525516	0.2064279119047719
2.5725725725725734	0.21008954256889925
2.5925925925925934	0.21374053562751527
2.612612612612612	0.21737371827714239
2.6326326326326317	0.2209747706008111
2.6526526526526517	0.22452296159054874
2.6726726726726735	0.2279925208520462
2.6926926926926935	0.2313545140233071
2.712712712712712	0.23457903556106594
2.7327327327327318	0.2376374905067264
2.7527527527527518	0.24050471658119016
2.7727727727727736	0.24316070774598145
2.7927927927927936	0.24559174371336476
2.8128128128128123	0.24779080310483578
2.832832832832832	0.2497572300907323
2.852852852852852	0.25149571969766243
2.8728728728728736	0.25301476934110756
2.8928928928928936	0.25432480110143985
2.9129129129129123	0.2554361848885898
2.932932932932932	0.2563573878577203
2.952952952952952	0.25709344623816405
2.9729729729729737	0.25764491032460857
2.9929929929929937	0.25800735948237674
3.0130130130130124	0.2581715272829971
3.033033033033032	0.25812402064424916
3.053053053053052	0.2578485630099557
3.0730730730730738	0.25732764205566455
3.0930930930930938	0.2565444002119449
3.1131131131131125	0.25548457611473113
3.133133133133132	0.25413829250496545
3.153153153153154	0.25250149598303695
3.173173173173174	0.25057688848516635
3.193193193193194	0.24837424706576483
3.2132132132132125	0.24591010031945792
3.233233233233232	0.24320680557208815
3.253253253253254	0.2402911385670666
3.273273273273274	0.23719255631845365
3.293293293293294	0.23394131794253237
3.3133133133133126	0.2305666468835362
3.333333333333332	0.22709509517298365
3.353353353353354	0.22354923344483915
3.373373373373374	0.21994674738844283
3.393393393393394	0.21629997895116052
3.4134134134134126	0.21261591329006066
3.433433433433432	0.2088965819756232
3.453453453453454	0.20513982895995403
3.473473473473474	0.20134036695183494
3.493493493493494	0.19749103669797372
3.5135135135135127	0.19358416969256112
3.5335335335335323	0.18961294670691842
3.553553553553554	0.18557264206000276
3.573573573573574	0.18146164907228632
3.593593593593594	0.17728219756477787
3.6136136136136128	0.17304070005241246
3.6336336336336323	0.16874769776800896
3.653653653653654	0.16441741693694814
3.673673673673674	0.1600669843133717
3.693693693693694	0.1557153830556705
3.713713713713713	0.15138225085232832
3.7337337337337324	0.147086629400268
3.753753753753754	0.14284576828746987
3.773773773773774	0.13867406994956885
3.7937937937937942	0.13458224012786138
3.813813813813813	0.13057668494970084
3.8338338338338325	0.12665917536373567
3.8538538538538543	0.12282678459305646
3.8738738738738743	0.11907209503944566
3.8938938938938943	0.11538366643705703
3.913913913913913	0.11174675441782377
3.9339339339339325	0.10814426467399935
3.9539539539539543	0.10455791925785919
3.9739739739739743	0.10096959582125402
3.9939939939939944	0.09736277723350972
4.014014014014013	0.09372402028426653
4.034034034034033	0.09004432360468453
4.054054054054054	0.08632025487857528
4.074074074074074	0.08255469529550784
4.094094094094094	0.07875708252505162
4.114114114114113	0.07494308436068516
4.134134134134133	0.07113370778799816
4.1541541541541545	0.06735392892810332
4.1741741741741745	0.06363099992954502
4.1941941941941945	0.059992632466014516
4.214214214214213	0.05646526408029361
4.234234234234233	0.05307258351779821
4.2542542542542545	0.04983443434990305
4.2742742742742745	0.04676614806190125
4.2942942942942945	0.04387829395037497
4.314314314314313	0.04117678492489458
4.334334334334333	0.0386632506456961
4.354354354354355	0.036335581559420446
4.374374374374375	0.03418855474034402
4.394394394394395	0.03221446900745761
4.414414414414413	0.03040373701491733
4.434434434434436	0.028745401815039456
4.454454454454455	0.027227562396038015
4.474474474474475	0.025837706003437898
4.494494494494495	0.02456295478954019
4.514514514514513	0.02339024117895947
4.5345345345345365	0.022306431135458937
4.554554554554555	0.02129841798430944
4.574574574574575	0.02035321195820639
4.594594594594595	0.01945805205357584
4.614614614614613	0.01860056634311996
4.6346346346346365	0.01776900320135315
4.654654654654655	0.016952547183649
4.674674674674675	0.016141717998991337
4.694694694694695	0.015328828863063618
4.714714714714713	0.014508453866687844
4.734734734734737	0.013677828813623602
4.754754754754755	0.012837095477033551
4.774774774774775	0.011989305187233514
4.794794794794795	0.011140129713259605
4.814814814814813	0.010297282135950225
4.834834834834837	0.009469713838591453
4.854854854854855	0.008666705437372482
4.874874874874875	0.007896991412997717
4.894894894894895	0.0071680434399726805
4.914914914914913	0.006485593159063228
4.934934934934937	0.005853418465446791
4.954954954954955	0.00527336662559405
4.974974974974975	0.004745554829504032
4.994994994994995	0.004268677268204742
5.015015015015013	0.0038403534354309065
5.035035035035037	0.003457467781378221
5.055055055055055	0.003116469107772974
5.075075075075075	0.002813614420643691
5.095095095095095	0.002545154108147136
5.115115115115113	0.002307462956116781
5.135135135135137	0.0020971253860504213
5.155155155155155	0.001910984497647951
5.175175175175175	0.0017461640652982843
5.195195195195195	0.0016000713837131552
5.215215215215213	0.00147038732444554
5.235235235235237	0.0013550484705066351
5.255255255255255	0.0012522248985175422
5.275275275275275	0.001160296133112559
5.295295295295295	0.0010778270060484976
5.315315315315313	0.0010035445847446885
5.335335335335337	0.000936316953906734
5.355355355355355	0.0008751344001166482
5.375375375375375	0.0008190934244370112
5.395395395395395	0.0007673839533687851
5.4154154154154135	0.0007192800910827143
5.435435435435437	0.0006741347050906507
5.455455455455455	0.0006313780039926604
5.475475475475475	0.0005905199873228869
5.495495495495495	0.0005511561764339558
5.515515515515514	0.0005129753714253495
5.535535535535537	0.0004757674097905687
5.555555555555555	0.00043942823266094163
5.575575575575575	0.0004039593009839155
5.595595595595595	0.0003694588618431075
5.615615615615614	0.00033610390050371807
5.635635635635637	0.00030412365309463117
5.655655655655655	0.0002737677462803831
5.675675675675675	0.000245273612966033
5.6956956956956954	0.00021883818442894155
5.715715715715717	0.00019459782516670503
5.735735735735737	0.00017261846211255773
5.7557557557557555	0.00015289561264995725
5.7757757757757755	0.00013536225320386782
5.7957957957957955	0.00011990158478620948
5.815815815815817	0.00010636174096863104
5.835835835835837	9.457007373673571e-5
5.8558558558558556	8.434549194445823e-5
5.875875875875876	7.550813278965377e-5
5.895895895895896	6.788626284130568e-5
5.915915915915917	6.132069013198168e-5
5.935935935935937	5.566715253783337e-5
5.955955955955956	5.0797188605673216e-5
5.975975975975976	4.659795384587716e-5
5.995995995995996	4.297136390357539e-5
6.016016016016017	3.983285569226837e-5
6.0360360360360374	3.7109974858841004e-5
6.056056056056057	3.4740929821777946e-5
6.076076076076077	3.2673200434812665e-5
6.096096096096095	3.0862251553989875e-5
6.1161161161161175	2.9270375785047413e-5
6.1361361361361375	2.7865672674541155e-5
6.156156156156157	2.6621161115569025e-5
6.176176176176177	2.551401577955407e-5
6.196196196196195	2.452491545303299e-5
6.216216216216218	2.363749016213227e-5
6.236236236236238	2.283785414635603e-5
6.256256256256257	2.211421258387051e-5
6.276276276276277	2.145653113750425e-5
6.296296296296295	2.0856258673543467e-5
6.316316316316318	2.0306094778004433e-5
6.336336336336338	1.97997948871114e-5
6.356356356356357	1.9332006925703416e-5
6.376376376376377	1.8898134296944006e-5
6.396396396396395	1.8494220889815888e-5
6.416416416416418	1.8116854475519492e-5
6.436436436436438	1.7763085461625406e-5
6.456456456456457	1.743035847645536e-5
6.476476476476477	1.7116454678389113e-5
6.496496496496495	1.6819443037466657e-5
6.516516516516518	1.6537639130463337e-5
6.536536536536538	1.6269570234936638e-5
6.556556556556557	1.6013945710669437e-5
6.576576576576577	1.5769631825373455e-5
6.596596596596595	1.5535630321288206e-5
6.616616616616618	1.531106013530971e-5
6.636636636636638	1.5095141781587332e-5
6.656656656656657	1.4887183985525889e-5
6.676676676676677	1.4686572224641052e-5
6.696696696696695	1.4492758887059865e-5
6.716716716716718	1.4305254804562435e-5
6.736736736736738	1.4123621955511961e-5
6.756756756756757	1.3947467165126726e-5
6.776776776776777	1.3776436657395637e-5
6.796796796796795	1.3610211335415885e-5
6.816816816816818	1.344850268577875e-5
6.836836836836838	1.329104921845563e-5
6.856856856856857	1.3137613366943177e-5
6.876876876876877	1.2987978784635269e-5
6.896896896896898	1.2841947982841282e-5
6.916916916916918	1.269934026385535e-5
6.936936936936938	1.255998990923621e-5
6.956956956956957	1.2423744589180634e-5
6.976976976976977	1.22904639637297e-5
6.996996996996998	1.2160018450674494e-5
7.017017017017018	1.2032288138540249e-5
7.037037037037038	1.190716182602198e-5
7.057057057057057	1.1784536171800552e-5
7.077077077077077	1.1664314940852705e-5
7.097097097097098	1.1546408335239354e-5
7.117117117117118	1.1430732398959923e-5
7.137137137137138	1.131720848783745e-5
7.157157157157157	1.1205762796583126e-5
7.177177177177177	1.1096325936208025e-5
7.197197197197198	1.0988832555828764e-5
7.217217217217218	1.0883221003672428e-5
7.237237237237238	1.0779433022742088e-5
7.257257257257257	1.0677413477172187e-5
7.277277277277277	1.0577110105795096e-5
7.297297297297298	1.0478473299867625e-5
7.317317317317318	1.0381455902277363e-5
7.337337337337338	1.0286013025871976e-5
7.357357357357357	1.0192101888836115e-5
7.377377377377377	1.0099681665286145e-5
7.397397397397398	1.0008713349467481e-5
7.417417417417418	9.919159632126907e-6
7.437437437437438	9.830984787796512e-6
7.4574574574574575	9.74415457187001e-6
7.4774774774774775	9.658636126478402e-6
7.497497497497498	9.57439789428324e-6
7.517517517517518	9.491409539403259e-6
7.537537537537538	9.409641874776311e-6
7.5575575575575575	9.329066795334443e-6
7.5775775775775776	9.249657216436816e-6
7.5975975975975985	9.171387017064522e-6
7.6176176176176185	9.094230987333584e-6
7.6376376376376385	9.018164779928869e-6
7.657657657657658	8.943164865102814e-6
7.677677677677678	8.869208488919276e-6
7.6976976976976985	8.796273634455327e-6
7.7177177177177185	8.72433898570264e-6
7.7377377377377385	8.653383893935756e-6
7.757757757757758	8.58338834633755e-6
7.777777777777778	8.51433293669249e-6
7.797797797797799	8.44619883797665e-6
7.817817817817819	8.378967776689736e-6
7.837837837837839	8.312622008788901e-6
7.857857857857858	8.247144297097375e-6
7.877877877877878	8.182517890072536e-6
7.897897897897899	8.118726501828656e-6
7.917917917917919	8.055754293319001e-6
7.937937937937939	7.993585854590473e-6
7.957957957957958	7.932206188031732e-6
7.977977977977978	7.871600692542509e-6
7.997997997997999	7.811755148558233e-6
8.018018018018019	7.752655703869561e-6
8.038038038038039	7.694288860181627e-6
8.058058058058059	7.636641460362356e-6
8.078078078078079	7.579700676333417e-6
8.098098098098099	7.523453997561116e-6
8.118118118118119	7.4678892201080394e-6
8.138138138138139	7.412994436209301e-6
8.158158158158159	7.358758024340157e-6
8.178178178178179	7.305168639744277e-6
8.198198198198199	7.2522152053943554e-6
8.218218218218219	7.199886903358861e-6
8.238238238238239	7.14817316655071e-6
8.258258258258259	7.097063670835413e-6
8.278278278278279	7.046548327477901e-6
8.298298298298299	6.996617275908711e-6
8.318318318318319	6.947260876791623e-6
8.338338338338339	6.898469705376052e-6
8.358358358358359	6.850234545118684e-6
8.378378378378379	6.802546381559899e-6
8.398398398398399	6.7553963964415055e-6
8.418418418418419	6.708775962053181e-6
8.438438438438439	6.662676635795896e-6
8.458458458458459	6.617090154951294e-6
8.478478478478479	6.572008431646761e-6
8.498498498498499	6.527423548006544e-6
8.518518518518519	6.483327751479869e-6
8.538538538538539	6.439713450337592e-6
8.558558558558559	6.39657320932941e-6
8.578578578578579	6.3538997454941485e-6
8.598598598598599	6.311685924116084e-6
8.618618618618619	6.269924754820667e-6
8.63863863863864	6.22860938780339e-6
8.65865865865866	6.187733110185922e-6
8.67867867867868	6.14728934249394e-6
8.6986986986987	6.107271635251398e-6
8.71871871871872	6.067673665686282e-6
8.73873873873874	6.0284892345431434e-6
8.75875875875876	5.989712262997972e-6
8.77877877877878	5.951336789671199e-6
8.7987987987988	5.91335696773483e-6
8.81881881881882	5.87576706210994e-6
8.83883883883884	5.838561446750908e-6
8.85885885885886	5.801734602013019e-6
8.87887887887888	5.765281112100151e-6
8.8988988988989	5.729195662589493e-6
8.91891891891892	5.693473038030339e-6
8.93893893893894	5.658108119614178e-6
8.95895895895896	5.623095882913416e-6
8.97897897897898	5.588431395686186e-6
8.998998998999	5.554109815744835e-6
9.01901901901902	5.520126388885777e-6
9.03903903903904	5.486476446878515e-6
9.05905905905906	5.453155405511704e-6
9.07907907907908	5.420158762694283e-6
9.0990990990991	5.387482096609706e-6
9.11911911911912	5.355121063921477e-6
9.13913913913914	5.32307139802819e-6
9.15915915915916	5.2913289073664176e-6
9.17917917917918	5.259889473759812e-6
9.1991991991992	5.228749050812884e-6
9.21921921921922	5.19790366234797e-6
9.23923923923924	5.167349400883964e-6
9.25925925925926	5.137082426155452e-6
9.27927927927928	5.107098963670935e-6
9.2992992992993	5.0773953033088895e-6
9.31931931931932	5.047967797950434e-6
9.33933933933934	5.018812862147475e-6
9.35935935935936	4.989926970825183e-6
9.37937937937938	4.961306658017742e-6
9.3993993993994	4.9329485156363315e-6
9.41941941941942	4.904849192268357e-6
9.43943943943944	4.8770053920069534e-6
9.45945945945946	4.8494138733098586e-6
9.47947947947948	4.822071447886761e-6
9.4994994994995	4.794974979614255e-6
9.51951951951952	4.7681213834776125e-6
9.53953953953954	4.741507624538526e-6
9.55955955955956	4.715130716928108e-6
9.57957957957958	4.688987722864374e-6
9.5995995995996	4.6630757516935e-6
9.61961961961962	4.637391958954182e-6
9.63963963963964	4.611933545464415e-6
9.65965965965966	4.586697756430061e-6
9.67967967967968	4.561681880574575e-6
9.6996996996997	4.536883249289301e-6
9.71971971971972	4.5122992358037604e-6
9.73973973973974	4.487927254375353e-6
9.75975975975976	4.463764759497958e-6
9.77977977977978	4.439809245128891e-6
9.7997997997998	4.416058243933722e-6
9.81981981981982	4.392509326548459e-6
9.83983983983984	4.3691601008586256e-6
9.85985985985986	4.346008211294779e-6
9.87987987987988	4.3230513381440155e-6
9.8998998998999	4.3002871968770415e-6
9.91991991991992	4.277713537490392e-6
9.93993993993994	4.255328143863391e-6
9.95995995995996	4.2331288331294665e-6
9.97997997997998	4.211113455061447e-6
10.0	4.1892798914704555e-6
