-100.0	1.5733273871299957e-5
-99.7997997997998	1.6014225189762575e-5
-99.5995995995996	1.6305347198046203e-5
-99.39939939939939	1.660708480662175e-5
-99.1991991991992	1.691990644864875e-5
-98.998998998999	1.7244305451464418e-5
-98.7987987987988	1.7580801489561424e-5
-98.5985985985986	1.7929942123061637e-5
-98.3983983983984	1.8292304425666692e-5
-98.19819819819818	1.866849670598182e-5
-97.997997997998	1.905916032594835e-5
-97.7977977977978	1.9464971619866566e-5
-97.5975975975976	1.988664391711918e-5
-97.39739739739738	2.0324929671195445e-5
-97.1971971971972	2.0780622696928927e-5
-96.99699699699698	2.1254560516967557e-5
-96.7967967967968	2.174762681734122e-5
-96.5965965965966	2.22607540105362e-5
-96.3963963963964	2.279492590265267e-5
-96.19619619619618	2.3351180458951012e-5
-95.995995995996	2.3930612659285073e-5
-95.7957957957958	2.4534377431483832e-5
-95.5955955955956	2.5163692646547844e-5
-95.39539539539538	2.5819842154442693e-5
-95.1951951951952	2.6504178833124794e-5
-94.994994994995	2.7218127616045172e-5
-94.7947947947948	2.7963188454515332e-5
-94.5945945945946	2.874093916074564e-5
-94.3943943943944	2.9553038064780863e-5
-94.19419419419418	3.0401226403643804e-5
-93.993993993994	3.128733034338376e-5
-93.7937937937938	3.2213262514009714e-5
-93.5935935935936	3.3181022913014544e-5
-93.39339339339338	3.419269900489839e-5
-93.1931931931932	3.52504648112544e-5
-92.99299299299298	3.6356578748087495e-5
-92.7927927927928	3.751337992357834e-5
-92.5925925925926	3.872328256004781e-5
-92.3923923923924	3.998876814804074e-5
-92.19219219219218	4.131237487808131e-5
-91.991991991992	4.2696683826810294e-5
-91.7917917917918	4.414430129939868e-5
-91.5915915915916	4.5657836650359975e-5
-91.39139139139138	4.7239874821989636e-5
-91.1911911911912	4.889294275646835e-5
-90.990990990991	5.0619468758413505e-5
-90.7907907907908	5.242173381528302e-5
-90.59059059059058	5.430181383169751e-5
-90.3903903903904	5.62615117112206e-5
-90.19019019019018	5.8302278239392835e-5
-89.98998998999	6.04251208023255e-5
-89.7897897897898	6.263049913731692e-5
-89.5895895895896	6.491820758089762e-5
-89.38938938938938	6.728724368408054e-5
-89.1891891891892	6.97356636351174e-5
-88.98898898898898	7.226042569761002e-5
-88.78878878878879	7.48572238637031e-5
-88.58858858858858	7.752031515707954e-5
-88.38838838838839	8.024234550163054e-5
-88.18818818818818	8.301418077765935e-5
-87.98798798798799	8.582475156192828e-5
-87.78778778778779	8.866092198881439e-5
-87.58758758758759	9.150739501974592e-5
-87.38738738738738	9.434666794848046e-5
-87.18718718718719	9.715905292277895e-5
-86.98698698698699	9.992277730516611e-5
-86.78678678678679	0.00010261417748654716
-86.58658658658658	0.00010520799699670631
-86.38638638638639	0.00010767779520950316
-86.18618618618618	0.00010999646657145485
-85.98598598598599	0.00011213686228644438
-85.78578578578579	0.00011407249725958246
-85.58558558558559	0.0001157783156429343
-85.38538538538538	0.00011723147960158667
-85.18518518518519	0.00011841213914293326
-84.98498498498498	0.00011930413720202351
-84.78478478478478	0.00011989560457282928
-84.58458458458458	0.00012017940417312948
-84.38438438438439	0.00012015339336433621
-84.18418418418418	0.0001198204857913203
-83.98398398398399	0.00011918850906684025
-83.78378378378378	0.00011826986985415481
-83.58358358358359	0.00011708105169760346
-83.38338338338338	0.00011564198176435998
-83.18318318318319	0.00011397530944188625
-82.98298298298299	0.00011210564207178465
-82.78278278278277	0.00011005878121732515
-82.58258258258257	0.00010786099750655977
-82.38238238238239	0.00010553837434219535
-82.18218218218217	0.00010311624181119179
-81.98198198198199	0.00010061871306728425
-81.78178178178177	9.806832718474932e-5
-81.58158158158159	9.548579558959483e-5
-81.38138138138137	9.288984396755112e-5
-81.18118118118119	9.029713807405526e-5
-80.98098098098097	8.772227998681723e-5
-80.78078078078077	8.517786078578282e-5
-80.58058058058057	8.267455610496415e-5
-80.38038038038039	8.022125216099533e-5
-80.18018018018017	7.782519144212742e-5
-79.97997997997999	7.54921290075607e-5
-79.77977977977977	7.322649212623982e-5
-79.57957957957959	7.103153765668464e-5
-79.37937937937937	6.890950306192988e-5
-79.17917917917919	6.68617482302506e-5
-78.97897897897899	6.48888863241448e-5
-78.77877877877877	6.299090271664101e-5
-78.57857857857857	6.116726171597038e-5
-78.37837837837839	5.941700125327185e-5
-78.17817817817817	5.773881604115297e-5
-77.97797797797799	5.6131129930586386e-5
-77.77777777777777	5.459215832431031e-5
-77.57757757757759	5.311996156796157e-5
-77.37737737737737	5.171249025345376e-5
-77.17717717717719	5.0367623347234975e-5
-76.97697697697697	4.9083200010505246e-5
-76.77677677677677	4.7857045918207014e-5
-76.57657657657657	4.66869948152755e-5
-76.37637637637638	4.5570905977195865e-5
-76.17617617617617	4.450667817078874e-5
-75.97597597597598	4.349226064270967e-5
-75.77577577577577	4.2525661598876124e-5
-75.57557557557558	4.160495457881363e-5
-75.37537537537537	4.072828307511273e-5
-75.17517517517518	3.989386369992343e-5
-74.97497497497498	3.9099988157503936e-5
-74.77477477477477	3.834502424403555e-5
-74.57457457457457	3.7627416062815654e-5
-74.37437437437438	3.6945683614155416e-5
-74.17417417417417	3.629842189440151e-5
-73.97397397397398	3.568429961705503e-5
-73.77377377377377	3.510205765057493e-5
-73.57357357357358	3.455050725176293e-5
-73.37337337337337	3.4028528160275674e-5
-73.17317317317318	3.353506660851052e-5
-72.97297297297297	3.306913329156719e-5
-72.77277277277277	3.262980133397597e-5
-72.57257257257257	3.221620428317156e-5
-72.37237237237238	3.18275341541094e-5
-72.17217217217217	3.1463039544794075e-5
-71.97197197197198	3.112202383868591e-5
-71.77177177177177	3.080384350684447e-5
-71.57157157157158	3.0507906520162112e-5
-71.37137137137137	3.0233670880038087e-5
-71.17117117117118	2.99806432742813e-5
-70.97097097097098	2.974837786383366e-5
-70.77077077077077	2.9536475205032886e-5
-70.57057057057057	2.934458131153073e-5
-70.37037037037038	2.9172386859620216e-5
-70.17017017017017	2.9019626540569244e-5
-69.96996996996998	2.8886078563585204e-5
-69.76976976976977	2.8771564313225807e-5
-69.56956956956958	2.8675948165411967e-5
-69.36936936936937	2.8599137466674784e-5
-69.16916916916918	2.854108268187697e-5
-68.96896896896897	2.8501777716380442e-5
-68.76876876876877	2.8481260419488437e-5
-68.56856856856857	2.8479613276969518e-5
-68.36836836836838	2.849696430157841e-5
-68.16816816816817	2.8533488131727946e-5
-67.96796796796798	2.8589407349846336e-5
-67.76776776776777	2.866499403348417e-5
-67.56756756756758	2.876057155392743e-5
-67.36736736736736	2.8876516638941588e-5
-67.16716716716718	2.9013261718332246e-5
-66.96696696696698	2.91712975732808e-5
-66.76676676676675	2.935117631291687e-5
-66.56656656656656	2.9553514704349267e-5
-66.36636636636638	2.977899788541719e-5
-66.16616616616616	3.0028383492770476e-5
-65.96596596596598	3.030250624157446e-5
-65.76576576576576	3.060228299719021e-5
-65.56556556556558	3.09287183836371e-5
-65.36536536536536	3.1282910978540436e-5
-65.16516516516518	3.166606014962799e-5
-64.96496496496496	3.207947359370769e-5
-64.76476476476475	3.2524575645453e-5
-64.56456456456456	3.3002916430277354e-5
-64.36436436436438	3.351618194309775e-5
-64.16416416416416	3.406620514287743e-5
-63.96396396396397	3.465497816147534e-5
-63.76376376376376	3.528466573446629e-5
-63.56356356356357	3.595761997113696e-5
-63.36336336336336	3.667639659066943e-5
-63.163163163163155	3.744377276136297e-5
-62.962962962962976	3.826276668929962e-5
-62.762762762762755	3.913665911165774e-5
-62.56256256256256	4.0069016857272975e-5
-62.36236236236237	4.106371864215308e-5
-62.16216216216216	4.212498326923687e-5
-61.96196196196197	4.325740039813168e-5
-61.76176176176176	4.446596403965518e-5
-61.56156156156157	4.575610890882997e-5
-61.36136136136136	4.713374973468019e-5
-61.161161161161154	4.86053235706601e-5
-60.96096096096096	5.0177835069176715e-5
-60.76076076076075	5.185890456877527e-5
-60.56056056056056	5.3656818681934984e-5
-60.36036036036037	5.55805828506395e-5
-60.16016016016016	5.7639975037462426e-5
-59.95995995995995	5.9845599318434304e-5
-59.75975975975976	6.220893761096295e-5
-59.55955955955957	6.474239706896992e-5
-59.35935935935936	6.745934976336978e-5
-59.15915915915915	7.037416008524325e-5
-58.95895895895896	7.350219379859166e-5
-58.75875875875875	7.685980075849352e-5
-58.55855855855856	8.046426092340356e-5
-58.358358358358366	8.433368035463964e-5
-58.15815815815816	8.848682035535161e-5
-57.95795795795795	9.294283873795244e-5
-57.75775775775776	9.772091748058549e-5
-57.557557557557566	0.00010283974592717017
-57.35735735735736	0.00010831682359866108
-57.15715715715715	0.00011416754232973354
-56.95695695695696	0.00012040400499480441
-56.75675675675675	0.00012703353932216237
-56.55655655655656	0.00013405687275653758
-56.356356356356365	0.00014146595139364243
-56.15615615615616	0.00014924141677174544
-55.95595595595595	0.0001573498031131264
-55.75575575575576	0.00016574058800449218
-55.555555555555564	0.00017434332235812406
-55.35535535535536	0.00018306517622939324
-55.15515515515515	0.00019178935228745657
-54.95495495495496	0.0002003749132525718
-54.75475475475475	0.00020865860581296665
-54.55455455455456	0.00021645919587262786
-54.35435435435436	0.00022358461709923047
-54.154154154154156	0.00022984185933381835
-53.95395395395395	0.00023504901497592036
-53.753753753753756	0.00023904835080052755
-53.553553553553556	0.00024171882428355898
-53.353353353353356	0.00024298627704853547
-53.15315315315315	0.00024282972615120542
-52.952952952952955	0.00024128274275445858
-52.75275275275275	0.00023842973449834516
-52.552552552552555	0.000234397815553468
-52.35235235235236	0.00022934562646639327
-52.152152152152155	0.0002234507972237738
-51.95195195195195	0.00021689769703752
-51.751751751751755	0.00020986676432296428
-51.551551551551555	0.00020252620605678082
-51.351351351351354	0.00019502634536747558
-51.15115115115115	0.0001874964854544939
-50.950950950950954	0.00018004389409554232
-50.75075075075075	0.00017275439370599907
-50.550550550550554	0.00016569403511578217
-50.350350350350354	0.00015891139717778453
-50.150150150150154	0.0001524401512241717
-49.94994994994994	0.00014630163173366597
-49.74974974974975	0.0001405072459855443
-49.54954954954956	0.0001350606286200764
-49.34934934934935	0.00012995950063109186
-49.149149149149146	0.00012519722847747442
-48.94894894894895	0.00012076410120379865
-48.748748748748746	0.00011664835537425749
-48.54854854854855	0.00011283698247738759
-48.34834834834835	0.000109316353811316
-48.14814814814815	0.00010607269559170484
-47.94794794794794	0.00010309244343545877
-47.74774774774775	0.0001003625013055275
-47.54754754754756	9.787042596651974e-5
-47.34734734734735	9.56045542791188e-5
-47.147147147147145	9.355408738517992e-5
-46.94694694694695	9.170914304385572e-5
-46.746746746746744	9.006078505741338e-5
-46.54654654654654	8.860103683106663e-5
-46.34634634634635	8.732288458997004e-5
-46.14614614614615	8.622027457231463e-5
-45.94594594594594	8.528810757724276e-5
-45.74574574574575	8.452223352289413e-5
-45.54554554554554	8.391944812282489e-5
-45.34534534534535	8.347749338444826e-5
-45.14514514514514	8.319506334325304e-5
-44.94494494494495	8.307181624890305e-5
-44.74474474474474	8.310839429584586e-5
-44.544544544544536	8.330645192731621e-5
-44.34434434434435	8.366869372588308e-5
-44.14414414414415	8.419892292619953e-5
-43.943943943943935	8.490210163775379e-5
-43.74374374374375	8.578442393887695e-5
-43.543543543543535	8.685340308907602e-5
-43.34334334334335	8.811797419416109e-5
-43.14314314314314	8.958861373361647e-5
-42.94294294294295	9.127747740300458e-5
-42.74274274274274	9.319855770896755e-5
-42.542542542542535	9.536786264236097e-5
-42.34234234234235	9.780361649200401e-5
-42.14214214214215	0.00010052648337065402
-41.941941941941934	0.00010355981319801839
-41.74174174174175	0.0001069299085717191
-41.541541541541534	0.00011066630894636697
-41.34134134134135	0.0001148020855450542
-41.14114114114114	0.0001193741360552036
-40.94094094094095	0.0001244234618877859
-40.74074074074074	0.0001299954019176735
-40.54054054054053	0.00013613978429363524
-40.34034034034035	0.00014291094102641754
-40.14014014014014	0.00015036750737519065
-39.93993993993993	0.00015857189823811638
-39.73973973973975	0.00016758931570436426
-39.53953953953953	0.0001774860952936025
-39.33933933933935	0.00018832714460127043
-39.13913913913913	0.00020017217191435594
-38.938938938938946	0.00021307035468660188
-38.73873873873874	0.00022705307893965658
-38.53853853853853	0.0002421244247821504
-38.338338338338346	0.0002582492314459412
-38.13813813813814	0.0002753389147208801
-37.93793793793793	0.0002932358020713367
-37.737737737737746	0.00031169764092345845
-37.53753753753753	0.00033038508305244517
-37.337337337337345	0.00034885614409380035
-37.13713713713713	0.0003665724316818389
-36.936936936936945	0.00038292164874880087
-36.73673673673674	0.0003972588040398248
-36.53653653653653	0.0004089644134643924
-36.336336336336345	0.00041751243111391733
-36.13613613613614	0.0004225355801116446
-35.93593593593593	0.0004238736713361747
-35.735735735735744	0.00042159318243248665
-35.53553553553553	0.0004159734830736478
-35.335335335335344	0.000407463957289043
-35.13513513513513	0.000396623260847905
-34.93493493493494	0.0003840545550358296
-34.73473473473474	0.00037034860644107693
-34.53453453453452	0.0003560419166757735
-34.33433433433435	0.00034159190226216
-34.134134134134136	0.0003273672789315813
-33.93393393393393	0.0003136498093192844
-33.733733733733736	0.00030064318798411895
-33.53353353353353	0.0002884854415374728
-33.33333333333334	0.0002772622184150386
-33.13313313313313	0.0002670193335270596
-32.932932932932935	0.00025777372557195656
-32.73273273273273	0.000249522532339031
-32.53253253253252	0.00024225032117292566
-32.33233233233235	0.00023593468370789055
-32.132132132132135	0.00023055047106511147
-31.931931931931928	0.00022607295139512155
-31.731731731731735	0.00022248014599343097
-31.531531531531527	0.00021975456199110075
-31.33133133133134	0.00021788449942434872
-31.131131131131127	0.0002168650735631298
-30.930930930930934	0.00021669906172055474
-30.730730730730727	0.00021739765751833495
-30.53053053053052	0.00021898119389737394
-30.330330330330348	0.00022147987764703687
-30.130130130130134	0.00022493456114271455
-29.929929929929926	0.00022939755925280964
-29.729729729729733	0.00023493349847571022
-29.529529529529526	0.00024162015810875857
-29.32932932932934	0.0002495492255168585
-29.129129129129126	0.0002588268340093972
-28.928928928928933	0.0002695736756381978
-28.728728728728726	0.00028192437415379786
-28.52852852852852	0.00029602565643382917
-28.328328328328347	0.0003120326663668858
-28.128128128128132	0.00033010252216352106
-27.927927927927925	0.00035038394101984826
-27.727727727727732	0.00037300149155382697
-27.527527527527525	0.0003980328914953037
-27.327327327327325	0.00042547794670384775
-27.127127127127125	0.00045521855259437777
-26.926926926926924	0.00048697108916057546
-26.72672672672673	0.0005202359673957842
-26.526526526526517	0.0005542541221379469
-26.326326326326324	0.0005879860616926774
-26.126126126126124	0.0006201332539542203
-25.925925925925924	0.0006492200506191807
-25.72572572572573	0.0006737427934080045
-25.525525525525524	0.0006923705140729089
-25.325325325325323	0.0007041555276950463
-25.125125125125123	0.0007086961843423843
-24.924924924924923	0.0007062012580866501
-24.72472472472473	0.000697436881643003
-24.524524524524516	0.0006835774972175652
-24.324324324324323	0.0006660107064983424
-24.124124124124123	0.000646150052383387
-23.923923923923923	0.0006252933304183745
-23.72372372372373	0.0006045401923975759
-23.523523523523522	0.0005847635383772829
-23.323323323323322	0.0005666194701718948
-23.123123123123122	0.0005505792168299147
-22.922922922922922	0.0005369697526408255
-22.72272272272273	0.0005260144844601949
-22.522522522522515	0.0005178694710689554
-22.32232232232232	0.0005126534838576158
-22.12212212212212	0.0005104718672514625
-21.92192192192192	0.0005114349125632141
-21.721721721721728	0.0005156716359424724
-21.52152152152152	0.0005233396817778079
-21.32132132132132	0.0005346316922299053
-21.12112112112112	0.0005497779476529688
-20.920920920920913	0.0005690443949098436
-20.720720720720728	0.0005927243205086255
-20.520520520520513	0.000621120886878972
-20.32032032032032	0.0006545166037661162
-20.12012012012012	0.0006931248079938781
-19.919919919919913	0.0007370179804527627
-19.719719719719727	0.0007860293983295575
-19.51951951951952	0.0008396300108273292
-19.31931931931932	0.0008967936186299972
-19.11911911911912	0.0009558813161314768
-18.918918918918912	0.0010145973702621444
-18.718718718718726	0.0010700820575434305
-18.518518518518512	0.0011191935286021556
-18.31831831831832	0.0011589744646903313
-18.11811811811812	0.0011872085470943892
-17.91791791791791	0.001202893757621696
-17.717717717717726	0.0012064578224464458
-17.51751751751752	0.0011996381558415888
-17.31731731731732	0.0011850907985719958
-17.117117117117118	0.0011658897607153456
-16.91691691691691	0.0011450809034745835
-16.716716716716725	0.0011253864338460868
-16.51651651651651	0.0011090752103075099
-16.316316316316318	0.0010979616719178997
-16.116116116116117	0.001093479911084752
-15.91591591591591	0.0010967863472477375
-15.715715715715724	0.0011088590847326705
-15.515515515515517	0.0011305746646907045
-15.315315315315317	0.0011627500248764955
-15.115115115115117	0.0012061391725452931
-14.91491491491491	0.0012613721016810245
-14.714714714714724	0.0013288206986773001
-14.514514514514502	0.0014083774499149121
-14.314314314314316	0.0014991453293199542
-14.114114114114116	0.001599071617083607
-13.913913913913909	0.001704621962476251
-13.713713713713723	0.0018106728410270045
-13.513513513513516	0.0019108500963406487
-13.313313313313316	0.00199846841797935
-13.113113113113116	0.00206796917391297
-12.912912912912908	0.002116401984581066
-12.712712712712722	0.00214431966243115
-12.512512512512501	0.002155683309930039
-12.312312312312315	0.0021568897890162993
-12.112112112112115	0.002155440152668267
-11.911911911911908	0.0021587943723943
-11.711711711711722	0.002173692265254369
-11.511511511511515	0.0022059232949190166
-11.311311311311314	0.00226036000186723
-11.111111111111114	0.0023410306419404782
-10.910910910910907	0.0024510265877242757
-10.710710710710721	0.0025920703689610233
-10.5105105105105	0.0027636193933071903
-10.310310310310314	0.0029615204828784708
-10.110110110110114	0.0031765727353167796
-9.909909909909906	0.003393928090543826
-9.70970970970972	0.0035947249294938912
-9.509509509509513	0.003760858348112607
-9.309309309309313	0.0038817371123946467
-9.109109109109106	0.003959532630536391
-8.908908908908906	0.004009642930366219
-8.70870870870872	0.00405646807810824
-8.508508508508498	0.00412768156656301
-8.308308308308312	0.004249990584147756
-8.108108108108105	0.004446913474395728
-7.907907907907905	0.004736837580735598
-7.707707707707719	0.005128505376729256
-7.507507507507512	0.0056113971924443866
-7.307307307307312	0.0061424210995642435
-7.107107107107105	0.006641222097777075
-6.9069069069069045	0.007016662964206898
-6.7067067067067185	0.007226699598426527
-6.506506506506497	0.007322384209938359
-6.306306306306311	0.007429165344270609
-6.106106106106104	0.007693737480208071
-5.905905905905904	0.00824758734420034
-5.705705705705718	0.009181708786364711
-5.505505505505511	0.010476055983063011
-5.3053053053053105	0.011857076975368627
-5.105105105105103	0.012800933899957529
-4.904904904904903	0.013043544825427666
-4.704704704704717	0.013029994988840107
-4.504504504504496	0.013538401647631806
-4.30430430430431	0.01522774081384849
-4.104104104104103	0.01836898125694922
-3.9039039039039025	0.021841074418543792
-3.7037037037037166	0.02303800135460647
-3.5035035035035094	0.02249013303338603
-3.3033033033033092	0.023851104088373883
-3.103103103103102	0.029783959644162045
-2.902902902902902	0.03810090568409566
-2.7027027027026946	0.03886217955694759
-2.5025025025024945	0.03881836236127479
-2.3023023023023086	0.05108444677287822
-2.1021021021021014	0.06502479298373524
-1.9019019019019012	0.061955179909854184
-1.701701701701694	0.0849456182648116
-1.501501501501508	0.09764170264263469
-1.301301301301308	0.11662972568229703
-1.1011011011011007	0.13911117559297503
-0.9009009009009006	0.1895011825371071
-0.7007007007006933	0.21748138680127196
-0.5005005005004932	0.26081647734196156
-0.3003003003003073	0.29268423171198094
-0.10010010010010006	0.31414001486337295
0.10010010010010717	0.3122042689333571
0.3003003003003073	0.28674589889179414
0.5005005005004932	0.26692124556134583
0.7007007007006933	0.2263598580610597
0.9009009009008935	0.18969684695950917
1.1011011011011078	0.13088046315297666
1.301301301301308	0.12561461633406584
1.501501501501508	0.0893820705614305
1.701701701701694	0.0938845559521755
1.9019019019018941	0.05741620428651483
2.1021021021021085	0.06284841843403863
2.3023023023023086	0.05762944587948754
2.5025025025024945	0.03569887559757766
2.7027027027026946	0.03404577067484122
2.9029029029028948	0.04217363291453736
3.103103103103109	0.033662008430017945
3.3033033033033092	0.02175944765921629
3.5035035035035094	0.018545695474098838
3.7037037037036953	0.021286972713573448
3.9039039039038954	0.025729333366187376
4.10410410410411	0.02194040732906322
4.30430430430431	0.014841511170934102
4.504504504504496	0.01115773160568985
4.704704704704696	0.010274396691549784
4.904904904904896	0.011385457014192378
5.10510510510511	0.013893031904715431
5.3053053053053105	0.015286984347253745
5.505505505505511	0.012842157217238234
5.705705705705697	0.009295148721659378
5.905905905905897	0.0069860686361028195
6.106106106106111	0.005874712687876046
6.306306306306311	0.005590150634777141
6.506506506506497	0.005955912198827964
6.706706706706697	0.006910795997522031
6.906906906906912	0.008209064020354115
7.107107107107112	0.008950506049857629
7.307307307307312	0.008175370169844046
7.507507507507512	0.006474108780077186
7.707707707707698	0.004947212816987327
7.907907907907912	0.003926375820500885
8.108108108108112	0.0033310317689310403
8.308308308308312	0.0030408189303582148
8.508508508508498	0.0029820322200262554
8.708708708708699	0.003125346401228843
8.908908908908913	0.0034687744086821055
9.109109109109113	0.004006324519001647
9.309309309309313	0.004656022568771764
9.509509509509513	0.005157455107346973
9.7097097097097	0.005145557334485226
9.909909909909913	0.004555457563292604
10.110110110110114	0.003725808681030907
10.310310310310314	0.0029768037678415404
10.5105105105105	0.002415182035262859
10.7107107107107	0.0020280409526511126
10.910910910910914	0.0017751424351258854
11.111111111111114	0.0016221956311133258
11.311311311311314	0.0015466360189954956
11.511511511511515	0.001536117018575933
11.7117117117117	0.0015862062343301078
11.911911911911915	0.0016984424864883577
12.112112112112115	0.0018779942961658668
12.312312312312315	0.0021286847264466576
12.512512512512501	0.002441318976224922
12.712712712712701	0.0027722033416264103
12.912912912912915	0.0030242639311465263
13.113113113113116	0.0030761032366211794
13.313313313313316	0.0028794403787291
13.513513513513516	0.0025129583549384975
13.713713713713702	0.002104753624863306
13.913913913913916	0.001740382962088473
14.114114114114116	0.00144877122737425
14.314314314314316	0.0012274944084805905
14.514514514514502	0.001064049926302425
14.714714714714702	0.0009455463953114806
14.914914914914917	0.0008616484599655981
15.115115115115117	0.0008048812749761235
15.315315315315317	0.0007701881615751534
15.515515515515517	0.0007544170799044132
15.715715715715703	0.0007559232073039232
15.915915915915917	0.0007743085527104266
16.116116116116117	0.0008102668551932204
16.316316316316318	0.0008654745617531341
16.516516516516504	0.0009424227456356584
16.716716716716704	0.0010439844336931753
16.916916916916918	0.0011723231465704802
17.117117117117118	0.001326499047152901
17.31731731731732	0.0014981393570177998
17.51751751751752	0.0016658630760434962
17.717717717717704	0.0017931993158128011
17.91791791791792	0.0018388944073244675
18.11811811811812	0.0017809033015465088
18.31831831831832	0.00163374487664931
18.518518518518505	0.001438160309805609
18.718718718718705	0.0012352175099527242
18.91891891891892	0.0010506355464134864
19.11911911911912	0.0008945829599977935
19.31931931931932	0.0007677396396492684
19.51951951951952	0.0006666747523451735
19.719719719719734	0.0005869028923299239
19.91991991991992	0.0005242194614582406
20.12012012012012	0.00047513036558962323
20.32032032032032	0.0004368913140503812
20.520520520520506	0.00040741121840076426
20.720720720720735	0.00038512807918623644
20.92092092092092	0.00036889705430345065
21.12112112112112	0.0003579015143801987
21.32132132132132	0.0003515870849037562
21.52152152152152	0.00034961542516888107
21.721721721721735	0.00035183412097195574
21.92192192192192	0.000358259593984665
22.12212212212212	0.0003690705264271373
22.32232232232232	0.0003846095532416364
22.522522522522507	0.0004053905239966562
22.722722722722736	0.0004321069272165549
22.922922922922922	0.0004656331062892329
23.123123123123122	0.0005070019732066361
23.323323323323322	0.0005573284908170562
23.523523523523522	0.0006176245764039064
23.723723723723737	0.0006884192904157173
23.923923923923923	0.0007690746423559975
24.124124124124123	0.000856729207476313
24.324324324324323	0.0009450328850264065
24.52452452452451	0.0010233848324577419
24.724724724724737	0.0010780456125357102
24.924924924924923	0.0010962276705859966
25.125125125125123	0.0010719146962721083
25.325325325325323	0.0010092911766704765
25.525525525525524	0.0009206538677725097
25.725725725725738	0.0008206138842834422
25.925925925925924	0.000721086927291287
26.126126126126124	0.0006294037416608292
26.326326326326324	0.0005488471931511824
26.52652652652651	0.0004800404733691366
26.72672672672674	0.0004222020083046833
26.926926926926924	0.0003739777017244902
27.127127127127125	0.0003339004968779248
27.327327327327325	0.0003006065357497463
27.527527527527525	0.0002729155843143855
27.72772772772774	0.00024984421680041816
27.927927927927925	0.00023058983409550996
28.128128128128132	0.00021450481260308095
28.328328328328325	0.00020106973028536992
28.52852852852851	0.00018986932016298028
28.728728728728733	0.00018057226157022343
28.928928928928933	0.00017291479585723258
29.129129129129126	0.0001666877225930985
29.32932932932932	0.0001617262227170207
29.529529529529526	0.0001579019824239891
29.72972972972974	0.0001551171683021421
29.929929929929926	0.00015329989094150405
30.130130130130134	0.0001524008747916084
30.330330330330327	0.00015239112118330613
30.530530530530513	0.00015326040857705007
30.730730730730734	0.00015501652041048533
30.930930930930934	0.00015768512781707828
31.131131131131127	0.00016131028289326276
31.33133133133132	0.00016595549795464547
31.53153153153155	0.00017170539548489103
31.73173173173174	0.00017866790771155222
31.931931931931928	0.00018697697515502606
32.132132132132135	0.00019679562448380057
32.33233233233233	0.00020831917110493783
32.53253253253254	0.0002217780477601282
32.732732732732735	0.0002374393385028632
32.932932932932935	0.0002556053950461416
33.13313313313313	0.00027660678802868125
33.33333333333332	0.00030078513535030266
33.53353353353355	0.0003284589448469206
33.73373373373374	0.00035986267961935885
33.93393393393393	0.0003950467640984268
34.134134134134136	0.0004337269053323121
34.33433433433433	0.0004750805974149445
34.534534534534544	0.0005175158573904039
34.73473473473474	0.0005584893100601241
34.93493493493494	0.0005945176244961275
35.13513513513513	0.000621556736912956
35.33533533533532	0.0006358262229203482
35.53553553553555	0.0006348873902613293
35.735735735735744	0.0006184905729871993
35.93593593593593	0.0005887005185528323
36.13613613613614	0.0005492110413479436
36.33633633633633	0.0005042489163878848
36.536536536536545	0.00045761151144380004
36.73673673673674	0.00041214539936339245
36.936936936936945	0.00036965548807899257
37.13713713713713	0.0003310714749816986
37.337337337337324	0.00029669953371921795
37.53753753753755	0.0002664561345201739
37.737737737737746	0.00024004506275782038
37.93793793793793	0.0002170755754070186
38.13813813813814	0.00019713396128633376
38.33833833833833	0.00017982290419367165
38.538538538538546	0.00016478048035968362
38.73873873873874	0.0001516871476467084
38.938938938938946	0.00014026613583189264
39.13913913913913	0.00013028053270634784
39.339339339339325	0.00012152897331279971
39.539539539539554	0.00011384097961086638
39.73973973973975	0.00010707248677640062
39.93993993993993	0.00010110179979332564
40.14014014014014	9.58260632348238e-5
40.34034034034033	9.115824349663962e-5
40.54054054054055	8.702458299149606e-5
40.74074074074074	8.336247023193903e-5
40.94094094094095	8.011866688878872e-5
41.141141141141134	7.724783632798366e-5
41.34134134134133	7.471132421471292e-5
41.541541541541555	7.247614861956293e-5
41.74174174174175	7.051416370574688e-5
41.941941941941934	6.88013670854799e-5
42.14214214214214	6.731732615720051e-5
42.342342342342334	6.604470316929298e-5
42.54254254254255	6.49688624646274e-5
42.74274274274274	6.40775464347333e-5
42.94294294294295	6.336060924884795e-5
43.143143143143135	6.280979951189743e-5
43.34334334334333	6.241858472696192e-5
43.54354354354356	6.218201186093229e-5
43.74374374374375	6.209659949485939e-5
43.943943943943935	6.216025803106781e-5
44.14414414414414	6.237223526700304e-5
44.344344344344364	6.27330853632522e-5
44.54454454454455	6.324465985624317e-5
44.74474474474474	6.391011991539161e-5
44.94494494494495	6.473396953564597e-5
45.145145145145136	6.572210980047963e-5
45.34534534534535	6.688191475339812e-5
45.54554554554556	6.822232977818299e-5
45.74574574574575	6.975399370229954e-5
45.94594594594594	7.14893860872559e-5
46.146146146146144	7.34430013237287e-5
46.346346346346365	7.56315511581256e-5
46.54654654654655	7.807419706342333e-5
46.746746746746744	8.079281331331605e-5
46.94694694694695	8.381228055065574e-5
47.14714714714714	8.716080780335376e-5
47.34734734734735	9.087027792280065e-5
47.54754754754756	9.497660677007888e-5
47.74774774774775	9.952009940087235e-5
47.94794794794794	0.00010454577594948614
48.148148148148145	0.00011010362444511707
48.34834834834837	0.00011624871548633559
48.54854854854855	0.00012304108208218705
48.748748748748746	0.00013054522405274964
48.94894894894895	0.00013882903692364403
49.14914914914914	0.0001479618874848745
49.34934934934935	0.00015801146147814623
49.54954954954956	0.0001690388979412332
49.74974974974975	0.00018109161534958187
49.94994994994994	0.00019419316283529308
50.15015015015015	0.00020832946433762276
50.35035035035037	0.00022343108007890651
50.550550550550554	0.0002393517560128932
50.75075075075075	0.0002558447644868264
50.950950950950954	0.0002725404962594621
51.15115115115114	0.0002889313344778492
51.351351351351354	0.00030437237808027566
51.55155155155156	0.00031810765643616447
51.751751751751755	0.0003293290323823129
51.95195195195194	0.000337267354436565
52.15215215215215	0.0003413031845532235
52.35235235235237	0.0003410720232831615
52.552552552552555	0.00033653367343989415
52.75275275275275	0.00032798283654794863
52.952952952952955	0.00031599683378162374
53.15315315315314	0.0003013374268566495
53.353353353353356	0.0002848363159148191
53.55355355355356	0.0002672931163393662
53.753753753753756	0.0002494037743940938
53.95395395395394	0.00023172395272172728
54.15415415415415	0.00021466197351904763
54.35435435435437	0.00019849152921182323
54.55455455455456	0.00018337446904489568
54.75475475475475	0.00016938635180185321
54.95495495495496	0.0001565403029163891
55.15515515515514	0.00014480705710374125
55.35535535535536	0.0001341306242353953
55.555555555555564	0.0001244398751818788
55.75575575575576	0.00011565671485771864
55.95595595595594	0.00010770159071507098
56.15615615615615	0.00010049702099694604
56.35635635635637	9.396970743643553e-5
56.55655655655656	8.805166979121384e-5
56.75675675675675	8.26807265167642e-5
56.95695695695696	7.780055424493853e-5
57.15715715715717	7.336048853768691e-5
57.35735735735736	6.931517662796313e-5
57.557557557557566	6.562415575375562e-5
57.75775775775776	6.225140467373216e-5
57.957957957957944	5.916489805507478e-5
58.15815815815816	5.633618133120193e-5
58.35835835835837	5.373997560831897e-5
58.55855855855856	5.135381699689284e-5
58.75875875875875	4.915773146093073e-5
58.95895895895896	4.713394428572444e-5
59.159159159159174	4.5266622128097746e-5
59.35935935935936	4.354164503384763e-5
59.55955955955957	4.194640558265319e-5
59.75975975975976	4.04696323154591e-5
59.959959959959946	3.9101234723129954e-5
60.16016016016016	3.783216726914305e-5
60.360360360360374	3.665431014539057e-5
60.56056056056056	3.55603646951442e-5
60.76076076076075	3.45437616666217e-5
60.96096096096096	3.359858067628135e-5
61.161161161161175	3.271947945884971e-5
61.36136136136136	3.1901631659586336e-5
61.56156156156157	3.114067208336859e-5
61.76176176176176	3.0432648455726974e-5
61.96196196196195	2.9773978874335428e-5
62.16216216216216	2.9161414237267234e-5
62.362362362362376	2.8592005028197263e-5
62.56256256256256	2.8063071920276052e-5
62.762762762762755	2.7572179731120923e-5
62.96296296296296	2.7117114322633494e-5
63.163163163163176	2.6695862092395508e-5
63.36336336336336	2.6306591749313228e-5
63.56356356356357	2.5947638105933965e-5
63.76376376376376	2.5617487654291316e-5
63.96396396396395	2.5314765721975503e-5
64.16416416416416	2.5038225031012362e-5
64.36436436436438	2.478673550460991e-5
64.56456456456456	2.4559275186371276e-5
64.76476476476475	2.4354922153583624e-5
64.96496496496496	2.417284732102333e-5
65.16516516516518	2.4012308044669772e-5
65.36536536536536	2.3872642446053493e-5
65.56556556556558	2.3753264387901865e-5
65.76576576576576	2.3653659040478446e-5
65.96596596596595	2.357337898570623e-5
66.16616616616616	2.3512040812964483e-5
66.36636636636638	2.34693221664747e-5
66.56656656656656	2.3444959209551826e-5
66.76676676676675	2.3438744475784278e-5
66.96696696696696	2.345052508150013e-5
67.16716716716718	2.3480201277747313e-5
67.36736736736736	2.3527725323523364e-5
67.56756756756758	2.359310066518796e-5
67.76776776776777	2.367638140992506e-5
67.96796796796795	2.3777672083832248e-5
68.16816816816817	2.3897127667736234e-5
68.36836836836838	2.4034953906198193e-5
68.56856856856857	2.4191407887405207e-5
68.76876876876875	2.4366798893768627e-5
68.96896896896897	2.456148952508457e-5
69.16916916916918	2.4775897098072937e-5
69.36936936936937	2.5010495328010212e-5
69.56956956956958	2.526581630001602e-5
69.76976976976977	2.554245273934835e-5
69.96996996996998	2.5841060591808184e-5
70.17017017017017	2.616236192704005e-5
70.37037037037038	2.6507148179135847e-5
70.57057057057057	2.6876283740474534e-5
70.77077077077075	2.7270709926140516e-5
70.970970970971	2.769144932750534e-5
71.17117117117118	2.813961057458296e-5
71.37137137137137	2.861639352749918e-5
71.57157157157158	2.9123094917748014e-5
71.77177177177177	2.9661114459727367e-5
71.97197197197198	3.0231961452181452e-5
72.17217217217217	3.083726188742582e-5
72.37237237237238	3.1478766083343164e-5
72.57257257257257	3.2158356848773864e-5
72.77277277277275	3.287805818669845e-5
72.97297297297297	3.364004453099267e-5
73.17317317317318	3.4446650500918134e-5
73.37337337337337	3.5300381142100544e-5
73.57357357357358	3.620392260258272e-5
73.77377377377377	3.7160153166434387e-5
73.97397397397398	3.817215453390736e-5
74.17417417417417	3.9243223194451673e-5
74.37437437437438	4.037688168492853e-5
74.57457457457457	4.1576889457438607e-5
74.77477477477476	4.2847252996251415e-5
74.974974974975	4.419223471764117e-5
75.17517517517518	4.561636005569512e-5
75.37537537537537	4.712442197632123e-5
75.57557557557558	4.8721481965003114e-5
75.77577577577577	5.041286629501492e-5
75.97597597597598	5.220415609495067e-5
76.17617617617617	5.410116939058045e-5
76.37637637637638	5.610993288969549e-5
76.57657657657657	5.823664080449813e-5
76.77677677677676	6.048759746186464e-5
76.97697697697697	6.286913983985093e-5
77.17717717717719	6.538753549954902e-5
77.37737737737737	6.804885067728829e-5
77.57757757757759	7.08587826034857e-5
77.77777777777777	7.382244948654144e-5
77.97797797797799	7.694413114256497e-5
78.17817817817817	8.022695310845567e-5
78.37837837837839	8.367250744677909e-5
78.57857857857857	8.728040460089979e-5
78.77877877877876	9.10477529231982e-5
78.978978978979	9.49685662775013e-5
79.17917917917919	9.903310584939906e-5
79.37937937937937	0.00010322717041234288
79.57957957957959	0.00010753136011329038
79.77977977977977	0.00011192035242479498
79.97997997997999	0.00011636224486866294
80.18018018018017	0.0001208180363538521
80.38038038038039	0.00012524133544101159
80.58058058058057	0.00012957839638218894
80.78078078078076	0.00013376858814317008
80.98098098098097	0.0001377453928788263
81.18118118118119	0.0001414380038071639
81.38138138138137	0.00014477354508159464
81.58158158158159	0.00014767986849320005
81.7817817817818	0.00015008879912234394
81.98198198198199	0.00015193961572429734
82.18218218218217	0.00015318247794477867
82.38238238238239	0.0001537814696155321
82.58258258258257	0.0001537169306991199
82.78278278278279	0.00015298680710443982
82.982982982983	0.00015160685283974098
83.18318318318319	0.0001496096557850133
83.38338338338338	0.00014704260117010331
83.58358358358359	0.00014396500832180448
83.7837837837838	0.0001404447548251066
83.98398398398399	0.0001365547275111627
84.18418418418418	0.0001323694138945954
84.38438438438439	0.00012796188335753879
84.58458458458458	0.00012340132239787425
84.78478478478479	0.0001187512005462987
84.98498498498498	0.00011406806707763862
85.18518518518519	0.00010940092153519851
85.38538538538538	0.00010479106578034347
85.58558558558559	0.00010027232988372019
85.7857857857858	9.587156433331137e-5
85.98598598598599	9.160930159725402e-5
86.18618618618618	8.750050627764096e-5
86.38638638638639	8.355535116353496e-5
86.58658658658658	7.977997386167373e-5
86.78678678678679	7.617718385831593e-5
86.986986986987	7.27471021950595e-5
87.18718718718719	6.94877253510143e-5
87.38738738738738	6.639541168060473e-5
87.58758758758759	6.346529329043384e-5
87.7877877877878	6.069161902296293e-5
87.98798798798799	5.8068035693913246e-5
88.18818818818818	5.558781528552822e-5
88.38838838838839	5.3244035735429095e-5
88.58858858858858	5.102972251439217e-5
88.78878878878879	4.8937957526215255e-5
88.98898898898898	4.696196110752843e-5
89.1891891891892	4.5095152133528324e-5
89.38938938938938	4.333119049623878e-5
89.5895895895896	4.166400554280914e-5
89.78978978978981	4.0087813455987985e-5
89.98998998999	3.859712603101808e-5
90.19019019019018	3.7186752850752896e-5
90.3903903903904	3.585179847826454e-5
90.59059059059058	3.4587655966419617e-5
90.7907907907908	3.3389997719069785e-5
90.99099099099101	3.22547645209734e-5
91.1911911911912	3.117815337614615e-5
91.39139139139138	3.0156604650599213e-5
91.5915915915916	2.918678889965783e-5
91.79179179179181	2.8265593667369893e-5
91.991991991992	2.739011047174243e-5
92.19219219219218	2.6557622131180617e-5
92.3923923923924	2.5765590541624405e-5
92.59259259259258	2.5011644978069124e-5
92.7927927927928	2.42935709664346e-5
92.99299299299298	2.3609299750495354e-5
93.1931931931932	2.2956898362468703e-5
93.39339339339338	2.2334560293832177e-5
93.5935935935936	2.17405967541183e-5
93.79379379379381	2.1173428499145812e-5
93.993993993994	2.063157820581167e-5
94.19419419419418	2.0113663367763768e-5
94.3943943943944	1.9618389684633606e-5
94.59459459459461	1.9144544916755044e-5
94.7947947947948	1.8690993177208453e-5
94.99499499499501	1.825666963343372e-5
95.1951951951952	1.784057559141386e-5
95.39539539539538	1.7441773936433625e-5
95.5955955955956	1.7059384905590267e-5
95.79579579579581	1.6692582168501824e-5
95.995995995996	1.6340589193982438e-5
96.19619619619618	1.600267588179399e-5
96.3963963963964	1.5678155439912167e-5
96.59659659659661	1.536638148904307e-5
96.7967967967968	1.5066745377380672e-5
96.99699699699698	1.4778673689796155e-5
97.1971971971972	1.4501625936790955e-5
97.39739739739738	1.4235092409622484e-5
97.5975975975976	1.3978592189024669e-5
97.79779779779781	1.3731671295895497e-5
97.997997997998	1.3493900973207649e-5
98.19819819819818	1.3264876089224148e-5
98.3983983983984	1.3044213652866326e-5
98.59859859859861	1.283155143279096e-5
98.7987987987988	1.2626546672390487e-5
98.99899899899901	1.2428874893537553e-5
99.1991991991992	1.2238228782455944e-5
99.39939939939939	1.2054317151616101e-5
99.5995995995996	1.1876863972031295e-5
99.79979979979981	1.1705607470768648e-5
100.0	1.154029928889358e-5
