-100.0	1.2043986384960508e-5
-99.7997997997998	1.227658038877449e-5
-99.5995995995996	1.2518322065259686e-5
-99.39939939939939	1.2769660487065933e-5
-99.1991991991992	1.3031072252783593e-5
-98.998998998999	1.3303063455585788e-5
-98.7987987987988	1.3586171810915089e-5
-98.5985985985986	1.3880968957194185e-5
-98.3983983983984	1.4188062944815308e-5
-98.19819819819818	1.4508100930050915e-5
-97.997997997998	1.4841772092032614e-5
-97.7977977977978	1.5189810792574603e-5
-97.5975975975976	1.555300000037426e-5
-97.39739739739738	1.593217500301471e-5
-97.1971971971972	1.632822743221737e-5
-96.99699699699698	1.6742109629951743e-5
-96.7967967967968	1.7174839385292354e-5
-96.5965965965966	1.7627505074315663e-5
-96.3963963963964	1.810127123782269e-5
-96.19619619619618	1.859738463423842e-5
-95.995995995996	1.9117180807621937e-5
-95.7957957957958	1.966209121327014e-5
-95.5955955955956	2.0233650945819526e-5
-95.39539539539538	2.0833507116940114e-5
-95.1951951951952	2.146342793151e-5
-94.994994994995	2.2125312512365167e-5
-94.7947947947948	2.2821201524061528e-5
-94.5945945945946	2.3553288645228263e-5
-94.3943943943944	2.4323932936571913e-5
-94.19419419419418	2.5135672146837746e-5
-93.993993993994	2.5991236991296558e-5
-93.7937937937938	2.6893566425651772e-5
-93.5935935935936	2.7845823921429193e-5
-93.39339339339338	2.8851414725389175e-5
-93.1931931931932	2.9914004053320574e-5
-92.99299299299298	3.103753612529532e-5
-92.7927927927928	3.2226253891984706e-5
-92.5925925925926	3.3484719226141154e-5
-92.3923923923924	3.481783325503865e-5
-92.19219219219218	3.623085638270107e-5
-91.991991991992	3.772942738792633e-5
-91.7917917917918	3.931958077677769e-5
-91.5915915915916	4.100776130596212e-5
-91.39139139139138	4.280083426416591e-5
-91.1911911911912	4.4706089687872236e-5
-90.990990990991	4.673123818071671e-5
-90.7907907907908	4.888439538408447e-5
-90.59059059059058	5.117405139439468e-5
-90.3903903903904	5.3609020524027256e-5
-90.19019019019018	5.619836574775298e-5
-89.98998998999	5.8951290964171267e-5
-89.7897897897898	6.187699284860891e-5
-89.5895895895896	6.498446262441827e-5
-89.38938938938938	6.82822266205563e-5
-89.1891891891892	7.177801316370784e-5
-88.98898898898898	7.547833240909042e-5
-88.78878878878879	7.93879554972297e-5
-88.58858858858858	8.350928043207925e-5
-88.38838838838839	8.78415749761255e-5
-88.18818818818818	9.238009249337829e-5
-87.98798798798799	9.711506602621147e-5
-87.78778778778779	0.00010203059999340789
-87.58758758758759	0.00010710349860729549
-87.38738738738738	0.00011230209578211895
-87.18718718718719	0.00011758518228501197
-86.98698698698699	0.00012290115985697924
-86.78678678678679	0.00012818758439330118
-86.58658658658658	0.000133371283682866
-86.38638638638639	0.000138369239788818
-86.18618618618618	0.00014309040076548976
-85.98598598598599	0.00014743852134184533
-85.78578578578579	0.0001513160232559401
-85.58558558558559	0.0001546287189719058
-85.38538538538538	0.000157291076797166
-85.18518518518519	0.00015923155323321116
-84.98498498498498	0.00016039741929001384
-84.78478478478478	0.00016075849719514982
-84.58458458458458	0.00016030932103580552
-84.38438438438439	0.00015906943085856981
-84.18418418418418	0.0001570817676608953
-83.98398398398399	0.00015440940066112845
-83.78378378378378	0.0001511310306846801
-83.58358358358359	0.00014733583312344495
-83.38338338338338	0.00014311821669943207
-83.18318318318319	0.00013857299398458957
-82.98298298298299	0.00013379131915079495
-82.78278278278277	0.00012885758672507918
-82.58258258258257	0.0001238473357658902
-82.38238238238239	0.00011882608835045685
-82.18218218218217	0.00011384897781110666
-81.98198198198199	0.00010896098847818329
-81.78178178178177	0.00010419762627017226
-81.58158158158159	9.958585769768629e-5
-81.38138138138137	9.514518386298716e-5
-81.18118118118119	9.088874823012265e-5
-80.98098098098097	8.682440731026476e-5
-80.78078078078077	8.295571925261365e-5
-80.58058058058057	7.928282566497814e-5
-80.38038038038039	7.580321691894405e-5
-80.18018018018017	7.251238142073434e-5
-79.97997997997999	6.940434577875886e-5
-79.77977977977977	6.647211640776408e-5
-79.57957957957959	6.370803470300144e-5
-79.37937937937937	6.110405816552601e-5
-79.17917917917919	5.8651979271951755e-5
-78.97897897897899	5.6343592827360504e-5
-78.77877877877877	5.4170821272187936e-5
-78.57857857857857	5.212580609787407e-5
-78.37837837837839	5.0200972262644134e-5
-78.17817817817817	4.8389071343607366e-5
-77.97797797797799	4.6683208139964364e-5
-77.77777777777777	4.5076854560808035e-5
-77.57757757757759	4.356385388463208e-5
-77.37737737737737	4.2138417854737237e-5
-77.17717717717719	4.079511856103383e-5
-76.97697697697697	3.952887663925497e-5
-76.77677677677677	3.833494697897957e-5
-76.57657657657657	3.720890285891142e-5
-76.37637637637638	3.6146619210000314e-5
-76.17617617617617	3.514425553417489e-5
-75.97597597597598	3.419823887023617e-5
-75.77577577577577	3.3305247091738435e-5
-75.57557557557558	3.2462192738638e-5
-75.37537537537537	3.1666207520308756e-5
-75.17517517517518	3.091462757834739e-5
-74.97497497497498	3.0204979560247834e-5
-74.77477477477477	2.9534967527016314e-5
-74.57457457457457	2.8902460697079188e-5
-74.37437437437438	2.8305482013812654e-5
-74.17417417417417	2.774219751340782e-5
-73.97397397397398	2.7210906462566153e-5
-73.77377377377377	2.6710032230899878e-5
-73.57357357357358	2.623811386026831e-5
-73.37337337337337	2.579379829211098e-5
-73.17317317317318	2.5375833213775495e-5
-72.97297297297297	2.4983060485568253e-5
-72.77277277277277	2.461441011156698e-5
-72.57257257257257	2.4268894718934617e-5
-72.37237237237238	2.3945604512444607e-5
-72.17217217217217	2.3643702673056433e-5
-71.97197197197198	2.336242117160149e-5
-71.77177177177177	2.310105697089173e-5
-71.57157157157158	2.2858968591815647e-5
-71.37137137137137	2.2635573021203708e-5
-71.17117117117118	2.2430342941420454e-5
-70.97097097097098	2.224280426375524e-5
-70.77077077077077	2.207253394974254e-5
-70.57057057057057	2.1919158106539974e-5
-70.37037037037038	2.1782350344437237e-5
-70.17017017017017	2.1661830386466828e-5
-69.96996996996998	2.1557362921948045e-5
-69.76976976976977	2.146875669763023e-5
-69.56956956956958	2.139586384192482e-5
-69.36936936936937	2.1338579419539866e-5
-69.16916916916918	2.1296841215675474e-5
-68.96896896896897	2.127062975081845e-5
-68.76876876876877	2.1259968529112025e-5
-68.56856856856857	2.1264924525290697e-5
-68.36836836836838	2.128560891728675e-5
-68.16816816816817	2.1322178073858617e-5
-67.96796796796798	2.1374834808991455e-5
-67.76776776776777	2.1443829917409607e-5
-67.56756756756758	2.1529464008354502e-5
-67.36736736736736	2.1632089657861873e-5
-67.16716716716718	2.1752113903163503e-5
-66.96696696696698	2.189000110659533e-5
-66.76676676676675	2.2046276220572462e-5
-66.56656656656656	2.2221528489863464e-5
-66.36636636636638	2.241641563263661e-5
-66.16616616616616	2.263166854764909e-5
-65.96596596596598	2.2868096601610722e-5
-65.76576576576576	2.3126593558292884e-5
-65.56556556556558	2.3408144219505865e-5
-65.36536536536536	2.3713831857795488e-5
-65.16516516516518	2.4044846531785712e-5
-64.96496496496496	2.440249438773613e-5
-64.76476476476475	2.4788208065322774e-5
-64.56456456456456	2.520355834217561e-5
-64.36436436436438	2.5650267170627954e-5
-64.16416416416416	2.6130222281825713e-5
-63.96396396396397	2.6645493557229805e-5
-63.76376376376376	2.7198351396107263e-5
-63.56356356356357	2.7791287340395196e-5
-63.36336336336336	2.8427037255969686e-5
-63.163163163163155	2.9108607412554075e-5
-62.962962962962976	2.983930385405339e-5
-62.762762762762755	3.062276550786064e-5
-62.56256256256256	3.146300154658274e-5
-62.36236236236237	3.236443358966881e-5
-62.16216216216216	3.33319434165669e-5
-61.96196196196197	3.437092695824766e-5
-61.76176176176176	3.548735544097664e-5
-61.56156156156157	3.668784467555274e-5
-61.36136136136136	3.797973361674822e-5
-61.161161161161154	3.9371173460305276e-5
-60.96096096096096	4.0871228696007514e-5
-60.76076076076075	4.2489991690125166e-5
-60.56056056056056	4.4238712520486906e-5
-60.36036036036037	4.6129945918806694e-5
-60.16016016016016	4.817771726608145e-5
-59.95995995995995	5.0397709604796864e-5
-59.75975975975976	5.280747352649325e-5
-59.55955955955957	5.542666149096034e-5
-59.35935935935936	5.8277287525296315e-5
-59.15915915915915	6.138401217931316e-5
-58.95895895895896	6.477445085077867e-5
-58.75875875875875	6.847950081524573e-5
-58.55855855855856	7.253367804287154e-5
-58.358358358358366	7.697544852097169e-5
-58.15815815815816	8.184752945224892e-5
-57.95795795795795	8.719712219322163e-5
-57.75775775775776	9.307601961194247e-5
-57.557557557557566	9.954050378583213e-5
-57.35735735735736	0.00010665091344539372
-57.15715715715715	0.00011447071210750241
-56.95695695695696	0.00012306482592093767
-56.75675675675675	0.00013249694542875727
-56.55655655655656	0.000142825402932017
-56.356356356356365	0.00015409716101931665
-56.15615615615616	0.00016633940752663225
-55.95595595595595	0.0001795483006593805
-55.75575575575576	0.00019367462927842645
-55.555555555555564	0.00020860666263328279
-55.35535535535536	0.00022415138632928835
-55.15515515515515	0.00024001672901471317
-54.95495495495496	0.0002557991721727956
-54.75475475475475	0.0002709828498560657
-54.55455455455456	0.00028495695657785897
-54.35435435435436	0.00029705670598833276
-54.154154154154156	0.0003066281897798487
-53.95395395395395	0.0003131095723468854
-53.753753753753756	0.0003161126480825259
-53.553553553553556	0.00031548420947200256
-53.353353353353356	0.0003113296699543764
-53.15315315315315	0.000303992056717377
-52.952952952952955	0.0002939933065002979
-52.75275275275275	0.00028195521370170636
-52.552552552552555	0.0002685201280769701
-52.35235235235236	0.0002542869290722323
-52.152152152152155	0.0002397696703085024
-51.95195195195195	0.00022537872622199406
-51.751751751751755	0.00021141961393726798
-51.551551551551555	0.00019810313251197355
-51.351351351351354	0.00018556107391873056
-51.15115115115115	0.00017386331975256602
-50.950950950950954	0.00016303378463046226
-50.75075075075075	0.00015306397948546018
-50.550550550550554	0.0001439238422897167
-50.350350350350354	0.00013556997989363253
-50.150150150150154	0.00012795169319478161
-49.94994994994994	0.00012101522241779881
-49.74974974974975	0.00011470662672414992
-49.54954954954956	0.000108973651993818
-49.34934934934935	0.00010376687054238855
-49.149149149149146	9.904031081333144e-5
-48.94894894894895	9.475173941763838e-5
-48.748748748748746	9.086271349879626e-5
-48.54854854854855	8.733848738068389e-5
-48.34834834834835	8.414783211672498e-5
-48.14814814814815	8.126280808968727e-5
-47.94794794794794	7.865851758481097e-5
-47.74774774774775	7.631285493130633e-5
-47.54754754754756	7.420626532534328e-5
-47.34734734734735	7.23215190126004e-5
-47.147147147147145	7.064350452819886e-5
-46.94694694694695	6.915904273523724e-5
-46.746746746746744	6.785672216021708e-5
-46.54654654654654	6.672675537415279e-5
-46.34634634634635	6.576085575713141e-5
-46.14614614614615	6.495213380366843e-5
-45.94594594594594	6.429501210221309e-5
-45.74574574574575	6.378515820442128e-5
-45.54554554554554	6.341943475523725e-5
-45.34534534534535	6.319586646245165e-5
-45.14514514514514	6.31136237319957e-5
-44.94494494494495	6.317302307689729e-5
-44.74474474474474	6.33755447223764e-5
-44.544544544544536	6.372386817946976e-5
-44.34434434434435	6.422192695027718e-5
-44.14414414414415	6.487498396738698e-5
-43.943943943943935	6.568972986851936e-5
-43.74374374374375	6.667440677728563e-5
-43.543543543543535	6.78389609164524e-5
-43.34334334334335	6.919522813701255e-5
-43.14314314314314	7.075715732134523e-5
-42.94294294294295	7.254107762790634e-5
-42.74274274274274	7.456601670149371e-5
-42.542542542542535	7.685407828326504e-5
-42.34234234234235	7.943088911027575e-5
-42.14214214214215	8.23261265611586e-5
-41.941941941941934	8.557414010315773e-5
-41.74174174174175	8.92146810699616e-5
-41.541541541541534	9.329375636711224e-5
-41.34134134134135	9.786462187428338e-5
-41.14114114114114	0.00010298892977422554
-40.94094094094095	0.0001087380394475431
-40.74074074074074	0.00011519449177497721
-40.54054054054053	0.00012245362826762064
-40.34034034034035	0.00013062530407123178
-40.14014014014014	0.00013983558940235496
-39.93993993993993	0.00015022826516442763
-39.73973973973975	0.00016196577769324398
-39.53953953953953	0.00017522910046365768
-39.33933933933935	0.00019021562634512427
-39.13913913913913	0.00020713374962495488
-38.938938938938946	0.00022619217137772544
-38.73873873873874	0.0002475811996985524
-38.53853853853853	0.00027144255896247856
-38.338338338338346	0.0002978238506877125
-38.13813813813814	0.0003266146180835304
-37.93793793793793	0.0003574643106881155
-37.737737737737746	0.0003896900841332318
-37.53753753753753	0.0004221954737653214
-37.337337337337345	0.000453437690234698
-37.13713713713713	0.00048149325706452976
-36.936936936936945	0.0005042631509579015
-36.73673673673674	0.0005198145297098511
-36.53653653653653	0.0005267821284833222
-36.336336336336345	0.0005246896431801564
-36.13613613613614	0.0005140565112403362
-35.93593593593593	0.0004962449707647924
-35.735735735735744	0.0004731213016361703
-35.53553553553553	0.00044667220596381735
-35.335335335335344	0.0004186996206980903
-35.13513513513513	0.0003906489944787622
-34.93493493493494	0.00036356149657203315
-34.73473473473474	0.000338108511095723
-34.53453453453452	0.00031466465955155186
-34.33433433433435	0.00029338815921304135
-34.134134134134136	0.00027429182122264335
-33.93393393393393	0.0002572986466747793
-33.733733733733736	0.00024228198697431383
-33.53353353353353	0.00022909281360065743
-33.33333333333334	0.0002175772512279138
-33.13313313313313	0.00020758722826033337
-32.932932932932935	0.00019898650093158564
-32.73273273273273	0.00019165370287054135
-32.53253253253252	0.00018548357102906573
-32.33233233233235	0.00018038712223563625
-32.132132132132135	0.00017629128787430596
-31.931931931931928	0.00017313833296050683
-31.731731731731735	0.00017088526689479174
-31.531531531531527	0.00016950337767468836
-31.33133133133134	0.00016897797548263743
-31.131131131131127	0.00016930840560504547
-30.930930930930934	0.00017050837791504175
-30.730730730730727	0.00017260665614479044
-30.53053053053052	0.00017564815169862736
-30.330330330330348	0.00017969547129563637
-30.130130130130134	0.00018483097276899042
-29.929929929929926	0.00019115938563162802
-29.729729729729733	0.00019881104750273972
-29.529529529529526	0.0002079457857865977
-29.32932932932934	0.0002187574219037512
-29.129129129129126	0.00023147876901966744
-28.928928928928933	0.00024638679415347656
-28.728728728728726	0.00026380725830027246
-28.52852852852852	0.0002841175354891159
-28.328328328328347	0.0003077453004950627
-28.128128128128132	0.00033515917898017554
-27.927927927927925	0.00036684508515394344
-27.727727727727732	0.0004032587862867735
-27.527527527527525	0.00044474170036891425
-27.327327327327325	0.0004913848014465471
-27.127127127127125	0.0005428290244698674
-26.926926926926924	0.0005980075450565598
-26.72672672672673	0.0006548756062435391
-26.526526526526517	0.0007102397238736326
-26.326326326326324	0.0007598644584318143
-26.126126126126124	0.0007990288037241648
-25.925925925925924	0.0008235372051489351
-25.72572572572573	0.0008308780842456358
-25.525525525525524	0.0008209890119404932
-25.325325325325323	0.0007962131614515125
-25.125125125125123	0.0007604937260345609
-24.924924924924923	0.0007182640347536432
-24.72472472472473	0.0006735301970090083
-24.524524524524516	0.0006293845010141762
-24.324324324324323	0.0005879138906150521
-24.124124124124123	0.000550343648618987
-23.923923923923923	0.0005172649431483128
-23.72372372372373	0.0004888543761599147
-23.523523523523522	0.0004650480372224482
-23.323323323323322	0.0004456648769936799
-23.123123123123122	0.0004304879833752313
-22.922922922922922	0.0004193155493820274
-22.72272272272273	0.000411992011888438
-22.522522522522515	0.00040842729018289377
-22.32232232232232	0.0004086096429681986
-22.12212212212212	0.0004126157878401694
-21.92192192192192	0.00042062056113233436
-21.721721721721728	0.00043290735580407827
-21.52152152152152	0.00044987961592576474
-21.32132132132132	0.00047207248163167966
-21.12112112112112	0.0005001618505728353
-20.920920920920913	0.0005349650494325336
-20.720720720720728	0.0005774221548953415
-20.520520520520513	0.0006285387956483407
-20.32032032032032	0.0006892595007725917
-20.12012012012012	0.000760227162309111
-19.919919919919913	0.000841377427150552
-19.719719719719727	0.0009313391036061528
-19.51951951951952	0.001026703502832624
-19.31931931931932	0.001121425829608114
-19.11911911911912	0.0012068856711225744
-18.918918918918912	0.0012732080818236159
-18.718718718718726	0.0013119285245391486
-18.518518518518512	0.0013189733719938172
-18.31831831831832	0.001296191577120156
-18.11811811811812	0.0012504286267093438
-17.91791791791791	0.0011908780257423248
-17.717717717717726	0.0011263938666529658
-17.51751751751752	0.0010639145260687708
-17.31731731731732	0.0010080988460836088
-17.117117117117118	0.0009616960784477559
-16.91691691691691	0.0009261568973573985
-16.716716716716725	0.0009022036912395105
-16.51651651651651	0.0008902645146510179
-16.316316316316318	0.000890772400860408
-16.116116116116117	0.0009043628216661655
-15.91591591591591	0.000931999698431945
-15.715715715715724	0.0009750435471465929
-15.515515515515517	0.0010352497956362045
-15.315315315315317	0.001114648798878285
-15.115115115115117	0.0012152074237183745
-14.91491491491491	0.0013381106297195037
-14.714714714714724	0.0014824724905658914
-14.514514514514502	0.0016434170279082767
-14.314314314314316	0.0018099896026624463
-14.114114114114116	0.001964376569101781
-13.913913913913909	0.0020847088649567046
-13.713713713713723	0.0021523771811758647
-13.513513513513516	0.002160512297196838
-13.313313313313316	0.0021173218046482587
-13.113113113113116	0.0020416429160815333
-12.912912912912908	0.001954841875653141
-12.712712712712722	0.0018747961526402225
-12.512512512512501	0.0018139861472709529
-12.312312312312315	0.001780402824056769
-12.112112112112115	0.0017793880698912827
-11.911911911911908	0.001815300887350434
-11.711711711711722	0.0018926092497754305
-11.511511511511515	0.0020162482618127963
-11.311311311311314	0.0021909539139848837
-11.111111111111114	0.002418953271410236
-10.910910910910907	0.0026952192568649616
-10.710710710710721	0.0030004557745511133
-10.5105105105105	0.0032956296178121842
-10.310310310310314	0.0035272287120398033
-10.110110110110114	0.0036500373696516843
-9.909909909909906	0.0036550493832888586
-9.70970970970972	0.003575748897823983
-9.509509509509513	0.0034672397433861708
-9.309309309309313	0.0033814166924604674
-9.109109109109106	0.003356402065623938
-8.908908908908906	0.0034185271931989392
-8.70870870870872	0.0035878999699238937
-8.508508508508498	0.0038811074035445927
-8.308308308308312	0.004306748295415106
-8.108108108108105	0.004849737783553407
-7.907907907907905	0.005445866482567542
-7.707707707707719	0.00597078019980671
-7.507507507507512	0.006290347158709913
-7.307307307307312	0.0063637620573770886
-7.107107107107105	0.006284569189271823
-6.9069069069069045	0.006209468743023577
-6.7067067067067185	0.00627676917356346
-6.506506506506497	0.006584143483887733
-6.306306306306311	0.007195711293575909
-6.106106106106104	0.008127377769091568
-5.905905905905904	0.009281623729002667
-5.705705705705718	0.010379618705466097
-5.505505505505511	0.011079602071259638
-5.3053053053053105	0.01131758573005848
-5.105105105105103	0.011415128294599081
-4.904904904904903	0.011807227034479482
-4.704704704704717	0.012824800725002949
-4.504504504504496	0.014618143739351042
-4.30430430430431	0.016971575663367294
-4.104104104104103	0.019102090515921016
-3.9039039039039025	0.02028326325153265
-3.7037037037037166	0.021000217713237727
-3.5035035035035094	0.022608988388737813
-3.3033033033033092	0.026174745654676878
-3.103103103103102	0.031280957473117925
-2.902902902902902	0.03514585722990946
-2.7027027027026946	0.03727374120498069
-2.5025025025024945	0.042284345552107985
-2.3023023023023086	0.052012266099587104
-2.1021021021021014	0.0595632621728489
-1.9019019019019012	0.0672467827204974
-1.701701701701694	0.08274856899377003
-1.501501501501508	0.09780486201422216
-1.301301301301308	0.1176272209278474
-1.1011011011011007	0.14505493684140358
-0.9009009009009006	0.17582793883868977
-0.7007007007006933	0.21407070606810177
-0.5005005005004932	0.2588673934732414
-0.3003003003003073	0.2948081762612314
-0.10010010010010006	0.31953819638811953
0.10010010010010717	0.31913479614978246
0.3003003003003073	0.2943182462782247
0.5005005005004932	0.25913098037024773
0.7007007007006933	0.21649739524482672
0.9009009009008935	0.177060568683543
1.1011011011011078	0.1442625767610203
1.301301301301308	0.11672483930169311
1.501501501501508	0.09870243957230893
1.701701701701694	0.08256104138766208
1.9019019019018941	0.0668185367327428
2.1021021021021085	0.059498708197410065
2.3023023023023086	0.05322365001261805
2.5025025025024945	0.04170867637893136
2.7027027027026946	0.03559648933802078
2.9029029029028948	0.03602896634875421
3.103103103103109	0.03359449731830302
3.3033033033033092	0.025526749100607253
3.5035035035035094	0.020360214849773302
3.7037037037036953	0.019766813647834103
3.9039039039038954	0.021886271399054746
4.10410410410411	0.02191500542857479
4.30430430430431	0.017310973607091155
4.504504504504496	0.01289344964236969
4.704704704704696	0.010766021483507483
4.904904904904896	0.010543569302756321
5.10510510510511	0.011766935817484558
5.3053053053053105	0.01351691733334069
5.505505505505511	0.013499782261496436
5.705705705705697	0.010966960242187221
5.905905905905897	0.008225560354947682
6.106106106106111	0.00648311961696004
6.306306306306311	0.005654181988727123
6.506506506506497	0.005503878665674465
6.706706706706697	0.005919499146042596
6.906906906906912	0.00683381490955013
7.107107107107112	0.007948011971569944
7.307307307307312	0.008411005035546636
7.507507507507512	0.007543382662673661
7.707707707707698	0.005980872657557637
7.907907907907912	0.004615720302616864
8.108108108108112	0.003698434360005921
8.308308308308312	0.00315822036841093
8.508508508508498	0.0028934449224721896
8.708708708708699	0.002841608998233215
8.908908908908913	0.002978962769822472
9.109109109109113	0.0033072118790308156
9.309309309309313	0.0038269304594761274
9.509509509509513	0.004471506640230298
9.7097097097097	0.005000342207496235
9.909909909909913	0.005040083285807451
10.110110110110114	0.004484294914743607
10.310310310310314	0.003658979434588074
10.5105105105105	0.002902418622793569
10.7107107107107	0.0023332966692933724
10.910910910910914	0.0019406383403718095
11.111111111111114	0.001682988473143079
11.311311311311314	0.0015246938383802577
11.511511511511515	0.0014421990837171618
11.7117117117117	0.0014224754893717296
11.911911911911915	0.0014607075057581989
12.112112112112115	0.0015586232410595457
12.312312312312315	0.0017229818590246513
12.512512512512501	0.0019623867751162355
12.712712712712701	0.002278293128565128
12.912912912912915	0.0026438430857154173
13.113113113113116	0.0029727452999392247
13.313313313313316	0.003120828876406026
13.513513513513516	0.0029856186255801235
13.713713713713702	0.0026199381112114316
13.913913913913916	0.0021760815627797033
14.114114114114116	0.0017710025899564106
14.314314314314316	0.0014474454580350677
14.514514514514502	0.0012043328218773498
14.714714714714702	0.001026549968961999
14.914914914914917	0.0008984242157191656
15.115115115115117	0.0008075722009271739
15.315315315315317	0.0007451598755412692
15.515515515515517	0.0007052432757831977
15.715715715715703	0.0006840735421842546
15.915915915915917	0.0006795834076478587
16.116116116116117	0.0006910687752811469
16.316316316316318	0.0007190304994504826
16.516516516516504	0.0007651317051292624
16.716716716716704	0.00083220734023891
16.916916916916918	0.000924198048961622
17.117117117117118	0.0010457122683304092
17.31731731731732	0.0012005637886236275
17.51751751751752	0.0013880833511927503
17.717717717717704	0.0015958800775615586
17.91791791791792	0.00179049942357163
18.11811811811812	0.0019164163975553753
18.31831831831832	0.0019203462614981557
18.518518518518505	0.0017926182442168839
18.718718718718705	0.0015775026726535136
18.91891891891892	0.0013368938510741643
19.11911911911912	0.0011141966293576958
19.31931931931932	0.0009273650061923775
19.51951951951952	0.000778175388143794
19.719719719719734	0.0006616914225412509
19.91991991991992	0.0005714910868379195
20.12012012012012	0.0005017512418680936
20.32032032032032	0.00044780058779762084
20.520520520520506	0.0004060857661616379
20.720720720720735	0.00037397075293321377
20.92092092092092	0.00034952625704675396
21.12112112112112	0.0003313558040235952
21.32132132132132	0.00031846492147427174
21.52152152152152	0.0003101675967291765
21.721721721721735	0.00030602211650035107
21.92192192192192	0.00030578954813434043
22.12212212212212	0.00030940995712724803
22.32232232232232	0.0003169931567535886
22.522522522522507	0.00032882212301844807
22.722722722722736	0.00034536807983415516
22.922922922922922	0.0003673164484847574
23.123123123123122	0.00039560178842363956
23.323323323323322	0.0004314462014819437
23.523523523523522	0.00047638660270114244
23.723723723723737	0.0005322562571648047
23.923923923923923	0.0006010455812495904
24.124124124124123	0.0006844946870362795
24.324324324324323	0.0007831674601701684
24.52452452452451	0.0008946991719745404
24.724724724724737	0.001011178965341714
24.924924924924923	0.0011167791398828068
25.125125125125123	0.001188835906487306
25.325325325325323	0.0012059241297954883
25.525525525525524	0.0011602956287761516
25.725725725725738	0.0010636078885563633
25.925925925925924	0.0009393952011696571
26.126126126126124	0.0008103184410936985
26.326326326326324	0.0006909624314464757
26.52652652652651	0.0005877078261447005
26.72672672672674	0.0005016097762413035
26.926926926926924	0.0004311457564337907
27.127127127127125	0.0003739238565364316
27.327327327327325	0.00032752096512358796
27.527527527527525	0.00028981107013174807
27.72772772772774	0.00025904576830198297
27.927927927927925	0.00023383203863263527
28.128128128128132	0.00021307674423715162
28.328328328328325	0.00019592746308552745
28.52852852852851	0.000181720425021747
28.728728728728733	0.00016993819017021523
28.928928928928933	0.00016017654703803213
29.129129129129126	0.00015211912939642937
29.32932932932932	0.00014551815038787744
29.529529529529526	0.0001401798590694315
29.72972972972974	0.00013595360213456182
29.929929929929926	0.0001327236331527775
30.130130130130134	0.0001304030271683082
30.330330330330327	0.00012892922836630458
30.530530530530513	0.00012826088956454108
30.730730730730734	0.00012837576308686113
30.930930930930934	0.00012926948101881514
31.131131131131127	0.0001309551254825295
31.33133133133132	0.00013346354156076718
31.53153153153155	0.00013684439076750002
31.73173173173174	0.00014116798424690795
31.931931931931928	0.00014652797359466688
32.132132132132135	0.0001530450128281345
32.33233233233233	0.00016087153381504182
32.53253253253254	0.00017019778963983035
32.732732732732735	0.00018125929494706863
32.932932932932935	0.0001943456872651247
33.13313313313313	0.00020981076799276693
33.33333333333332	0.0002280829056896198
33.53353353353355	0.0002496738258881954
33.73373373373374	0.000275181601343268
33.93393393393393	0.000305279639728961
34.134134134134136	0.00034067659007278354
34.33433433433433	0.00038202136252638046
34.534534534534544	0.00042971346195445903
34.73473473473474	0.00048356802186164046
34.93493493493494	0.0005422984510647364
35.13513513513513	0.0006028632669334535
35.33533533533532	0.0006599338411712996
35.53553553553555	0.0007060452091257904
35.735735735735744	0.0007330829232442829
35.93593593593593	0.0007350882848853998
36.13613613613614	0.0007109813183190813
36.33633633633633	0.000665182345251881
36.536536536536545	0.0006055809897458466
36.73673673673674	0.000540443347040693
36.936936936936945	0.00047620770541141757
37.13713713713713	0.0004168151438061962
37.337337337337324	0.0003640809036728281
37.53753753753755	0.00031840399249228896
37.737737737737746	0.00027940107692561
37.93793793793793	0.0002463401966874333
38.13813813813814	0.00021839334645491927
38.33833833833833	0.00019476487656025512
38.538538538538546	0.00017474632494126488
38.73873873873874	0.00015773198670523101
38.938938938938946	0.0001432155948896314
39.13913913913913	0.00013077921597473352
39.339339339339325	0.00012007998340452745
39.539539539539554	0.0001108372790912322
39.73973973973975	0.00010282140662183432
39.93993993993993	9.584403148293869e-5
40.14014014014014	8.97503158326013e-5
40.34034034034033	8.441254026197691e-5
40.54054054054055	7.972497213997255e-5
40.74074074074074	7.559975264592443e-5
40.94094094094095	7.196360418592455e-5
41.141141141141134	6.875519316132788e-5
41.34134134134133	6.59230141758014e-5
41.541541541541555	6.342368861058498e-5
41.74174174174175	6.122059268700028e-5
41.941941941941934	5.928274803591881e-5
42.14214214214214	5.758392202993804e-5
42.342342342342334	5.610189636346058e-5
42.54254254254255	5.4817871186576526e-5
42.74274274274274	5.371597901713464e-5
42.94294294294295	5.2782888084853565e-5
43.143143143143135	5.200747903150934e-5
43.34334334334333	5.1380582261792214e-5
43.54354354354356	5.089476591344243e-5
43.74374374374375	5.05441665510125e-5
43.943943943943935	5.032435640846518e-5
44.14414414414414	5.023224240827208e-5
44.344344344344364	5.026599334459719e-5
44.54454454454455	5.042499259577985e-5
44.74474474474474	5.070981457513683e-5
44.94494494494495	5.112222387880229e-5
45.145145145145136	5.166519677824518e-5
45.34534534534535	5.234296536201497e-5
45.54554554554556	5.3161085281805274e-5
45.74574574574575	5.412652872567166e-5
45.94594594594594	5.524780494841367e-5
46.146146146146144	5.6535111456953164e-5
46.346346346346365	5.800051979701266e-5
46.54654654654655	5.965820083437567e-5
46.746746746746744	6.152469548307154e-5
46.94694694694695	6.361923800927112e-5
47.14714714714714	6.59641403235666e-5
47.34734734734735	6.858524702860334e-5
47.54754754754756	7.151247233016157e-5
47.74774774774775	7.47804310858882e-5
47.94794794794794	7.842917696550267e-5
48.148148148148145	8.250506042670853e-5
48.34834834834837	8.706171712833162e-5
48.54854854854855	9.216119211781753e-5
48.748748748748746	9.787519439522783e-5
48.94894894894895	0.00010428645667996354
49.14914914914914	0.00011149014074308425
49.34934934934935	0.00011959517079274789
49.54954954954956	0.0001287252829441787
49.74974974974975	0.00013901942854775115
49.94994994994994	0.00015063093646523377
50.15015015015015	0.00016372449059839263
50.35035035035037	0.00017846947887678987
50.550550550550554	0.00019502759981432095
50.75075075075075	0.00021353181483984573
50.950950950950954	0.00023405300411115317
51.15115115115114	0.00025655053072890047
51.351351351351354	0.0002808043897081035
51.55155155155156	0.00030633144080958807
51.751751751751755	0.0003322984469265019
51.95195195195194	0.0003574609516146717
52.15215215215215	0.0003801750701583865
52.35235235235237	0.00039853542692600696
52.552552552552555	0.00041066581502823766
52.75275275275275	0.00041511879740022465
52.952952952952955	0.0004112536001668983
53.15315315315314	0.0003994264734553363
53.353353353353356	0.000380897274739454
53.55355355355356	0.000357497146265783
53.753753753753756	0.0003312105482960802
53.95395395395394	0.00030382874784266233
54.15415415415415	0.0002767546354265973
54.35435435435437	0.00025095364505738966
54.55455455455456	0.00022700041781236754
54.75475475475475	0.0002051670514889489
54.95495495495496	0.00018551544040728486
55.15515515515514	0.00016797511111180788
55.35535535535536	0.0001524011767710604
55.555555555555564	0.00013861388388361408
55.75575575575576	0.00012642370411243724
55.95595595595594	0.00011564611617458201
56.15615615615615	0.00010610950969776602
56.35635635635637	9.765874263074994e-5
56.55655655655656	9.015609233848573e-5
56.75675675675675	8.348073838135711e-5
56.95695695695696	7.752749180038602e-5
57.15715715715717	7.220520306190479e-5
57.35735735735736	6.743509880492418e-5
57.557557557557566	6.31491838018204e-5
57.75775775775776	5.92887754650208e-5
57.957957957957944	5.580319758171551e-5
58.15815815815816	5.264863700411534e-5
58.35835835835837	4.978715485163477e-5
58.55855855855856	4.718583802833001e-5
58.75875875875875	4.481607481314044e-5
58.95895895895896	4.2652938285524456e-5
59.159159159159174	4.0674662410696306e-5
59.35935935935936	3.886219714327794e-5
59.55955955955957	3.719883058373006e-5
59.75975975975976	3.566986785842784e-5
59.959959959959946	3.426235790198262e-5
60.16016016016016	3.2964860662138195e-5
60.360360360360374	3.1767248415375505e-5
60.56056056056056	3.0660535882961535e-5
60.76076076076075	2.9636734687722726e-5
60.96096096096096	2.8688728409220904e-5
61.161161161161175	2.7810165097374343e-5
61.36136136136136	2.69953646088762e-5
61.56156156156157	2.6239238552242952e-5
61.76176176176176	2.5537220979289693e-5
61.96196196196195	2.488520825468505e-5
62.16216216216216	2.4279506780677206e-5
62.362362362362376	2.3716787459223155e-5
62.56256256256256	2.319404594540061e-5
62.762762762762755	2.270856788979157e-5
62.96296296296296	2.225789848819066e-5
63.163163163163176	2.183981575840174e-5
63.36336336336336	2.1452307049268217e-5
63.56356356356357	2.109354835909932e-5
63.76376376376376	2.076188610151903e-5
63.96396396396395	2.0455821008302023e-5
64.16416416416416	2.017399390249642e-5
64.36436436436438	1.991517311232041e-5
64.56456456456456	1.9678243328010105e-5
64.76476476476475	1.9462195730862305e-5
64.96496496496496	1.926611924688405e-5
65.16516516516518	1.908919279733978e-5
65.36536536536536	1.893067843558623e-5
65.56556556556558	1.8789915274331185e-5
65.76576576576576	1.8666314120203902e-5
65.96596596596595	1.85593527435837e-5
66.16616616616616	1.846857172125702e-5
66.36636636636638	1.8393570797874388e-5
66.56656656656656	1.8334005719544122e-5
66.76676676676675	1.8289585499383677e-5
66.96696696696696	1.8260070080586518e-5
67.16716716716718	1.8245268367666857e-5
67.36736736736736	1.8245036601115306e-5
67.56756756756758	1.8259277054821646e-5
67.76776776776777	1.8287937039370264e-5
67.96796796796795	1.8331008197756098e-5
68.16816816816817	1.838852608326162e-5
68.36836836836838	1.846057001223067e-5
68.56856856856857	1.8547263187320316e-5
68.76876876876875	1.864877308954986e-5
68.96896896896897	1.8765312140137164e-5
69.16916916916918	1.889713863575445e-5
69.36936936936937	1.9044557963484852e-5
69.56956956956958	1.9207924104452073e-5
69.76976976976977	1.9387641437863693e-5
69.96996996996998	1.9584166860090026e-5
70.17017017017017	1.9798012236426966e-5
70.37037037037038	2.002974720640482e-5
70.57057057057057	2.0280002366936605e-5
70.77077077077075	2.0549472861295343e-5
70.970970970971	2.0838922405903956e-5
71.17117117117118	2.1149187791262277e-5
71.37137137137137	2.148118389806591e-5
71.57157157157158	2.1835909274733097e-5
71.77177177177177	2.221445232820408e-5
71.97197197197198	2.261799818605134e-5
72.17217217217217	2.3047836294686105e-5
72.37237237237238	2.3505368825813758e-5
72.57257257257257	2.399211997130238e-5
72.77277277277275	2.4509746215322e-5
72.97297297297297	2.506004768197951e-5
73.17317317317318	2.5644980666708904e-5
73.37337337337337	2.6266671470314347e-5
73.57357357357358	2.6927431665697356e-5
73.77377377377377	2.762977493874553e-5
73.97397397397398	2.837643565633802e-5
74.17417417417417	2.9170389325493184e-5
74.37437437437438	3.0014875117749802e-5
74.57457457457457	3.091342064103465e-5
74.77477477477476	3.1869869146328994e-5
74.974974974975	3.2888409356686516e-5
75.17517517517518	3.3973608099284504e-5
75.37537537537537	3.5130445904056135e-5
75.57557557557558	3.636435570080062e-5
75.77577577577577	3.768126469483813e-5
75.97597597597598	3.908763942164383e-5
76.17617617617617	4.059053386337874e-5
76.37637637637638	4.21976403415289e-5
76.57657657657657	4.39173426624201e-5
76.77677677677676	4.575877066338078e-5
76.97697697697697	4.773185485708933e-5
77.17717717717719	4.984737926210779e-5
77.37737737737737	5.2117029690282204e-5
77.57757757757759	5.455343367576901e-5
77.77777777777777	5.717018680093209e-5
77.97797797797799	5.9981858310969005e-5
78.17817817817817	6.300396650672096e-5
78.37837837837839	6.625291134753184e-5
78.57857857857857	6.97458478651355e-5
78.77877877877876	7.350047928457919e-5
78.978978978979	7.753474311956125e-5
79.17917917917919	8.18663570170162e-5
79.37937937937937	8.651218402985864e-5
79.57957957957959	9.148736989710807e-5
79.77977977977977	9.680419894191773e-5
79.97997997997999	0.00010247061228704284
80.18018018018017	0.00010848833525425563
80.38038038038039	0.00011485057445670645
80.58058058058057	0.00012153927511251016
80.78078078078076	0.00012852198261881982
80.98098098098097	0.0001357484366379031
81.18118118118119	0.0001431471456881853
81.38138138138137	0.00015062234363530302
81.58158158158159	0.0001580519018277499
81.7817817817818	0.00016528692760053187
81.98198198198199	0.00017215386349234675
82.18218218218217	0.0001784598344715933
82.38238238238239	0.00018400169541409452
82.58258258258257	0.00018857866781115472
82.78278278278279	0.00019200766711117225
82.982982982983	0.00019413957145371239
83.18318318318319	0.0001948740334538972
83.38338338338338	0.00019417027437167967
83.58358358358359	0.0001920517973318508
83.7837837837838	0.00018860405761374362
83.98398398398399	0.0001839655313842769
84.18418418418418	0.00017831389448380998
84.38438438438439	0.0001718497822791806
84.58458458458458	0.00016478068742102793
84.78478478478479	0.000157307055132332
84.98498498498498	0.00014961181509013435
85.18518518518519	0.00014185373607573283
85.38538538538538	0.00013416431620795252
85.58558558558559	0.00012664751808119296
85.7857857857858	0.00011938151154065238
85.98598598598599	0.0001124216270427367
86.18618618618618	0.00010580386644399902
86.38638638638639	9.954849684831668e-5
86.58658658658658	9.366342224039484e-5
86.78678678678679	8.814716504409336e-5
86.986986986987	8.299138953998017e-5
87.18718718718719	7.818296449311972e-5
87.38738738738738	7.370560049422013e-5
87.58758758758759	6.954111613647315e-5
87.7877877877878	6.567039296310424e-5
87.98798798798799	6.207407729313713e-5
88.18818818818818	5.873308119450874e-5
88.38838838838839	5.5628927385891486e-5
88.58858858858858	5.27439751312925e-5
88.78878878878879	5.006155701704767e-5
88.98898898898898	4.756605022468817e-5
89.1891891891892	4.524290063978129e-5
89.38938938938938	4.3078613831682244e-5
89.5895895895896	4.1060723499478566e-5
89.78978978978981	3.9177745277552645e-5
89.98998998999	3.741912170102192e-5
90.19019019019018	3.577516252880765e-5
90.3903903903904	3.42369834080558e-5
90.59059059059058	3.279644495299352e-5
90.7907907907908	3.1446093634931524e-5
90.99099099099101	3.0179105382946622e-5
91.1911911911912	2.898923243351061e-5
91.39139139139138	2.787075370840785e-5
91.5915915915916	2.681842881781737e-5
91.79179179179181	2.582745565968942e-5
91.991991991992	2.4893431502536753e-5
92.19219219219218	2.4012317385186166e-5
92.3923923923924	2.318040563541718e-5
92.59259259259258	2.2394290293430735e-5
92.7927927927928	2.165084022105396e-5
92.99299299299298	2.0947174680046264e-5
93.1931931931932	2.0280641170284186e-5
93.39339339339338	1.96487953291571e-5
93.5935935935936	1.9049382705858947e-5
93.79379379379381	1.8480322237506527e-5
93.993993993994	1.7939691267478082e-5
94.19419419419418	1.742571195962578e-5
94.3943943943944	1.6936738974769443e-5
94.59459459459461	1.647124828795044e-5
94.7947947947948	1.6027827036213044e-5
94.99499499499501	1.5605164297138456e-5
95.1951951951952	1.520204270797573e-5
95.39539539539538	1.4817330844009023e-5
95.5955955955956	1.444997628281411e-5
95.79579579579581	1.4098999288323357e-5
95.995995995996	1.3763487055195566e-5
96.19619619619618	1.3442588459925075e-5
96.3963963963964	1.3135509270475641e-5
96.59659659659661	1.2841507771040639e-5
96.7967967967968	1.255989076286154e-5
96.99699699699698	1.229000990592755e-5
97.1971971971972	1.2031258369872704e-5
97.39739739739738	1.1783067765522185e-5
97.5975975975976	1.1544905331353689e-5
97.79779779779781	1.1316271351666348e-5
97.997997997998	1.1096696785514507e-5
98.19819819819818	1.0885741087499332e-5
98.3983983983984	1.0682990203337395e-5
98.59859859859861	1.0488054724765577e-5
98.7987987987988	1.0300568189815435e-5
98.99899899899901	1.0120185515815061e-5
99.1991991991992	9.946581553667867e-6
99.39939939939939	9.77944975302859e-6
99.5995995995996	9.618500928962854e-6
99.79979979979981	9.463462121544831e-6
100.0	9.314075540630899e-6
