-10.0	3.648157446219584e-6
-9.97997997997998	3.664526011613963e-6
-9.95995995995996	3.6810077820968744e-6
-9.93993993993994	3.6976038285436286e-6
-9.91991991991992	3.714315234806129e-6
-9.8998998998999	3.731143097906211e-6
-9.87987987987988	3.7480885282324217e-6
-9.85985985985986	3.7651526497403238e-6
-9.83983983983984	3.782336600156385e-6
-9.81981981981982	3.79964153118554e-6
-9.7997997997998	3.817068608722495e-6
-9.77977977977978	3.83461901306686e-6
-9.75975975975976	3.8522939391421775e-6
-9.73973973973974	3.870094596718958e-6
-9.71971971971972	3.888022210641774e-6
-9.6996996996997	3.906078021060522e-6
-9.67967967967968	3.9242632836659404e-6
-9.65965965965966	3.942579269929468e-6
-9.63963963963964	3.961027267347544e-6
-9.61961961961962	3.9796085796904384e-6
-9.5995995995996	3.998324527255722e-6
-9.57957957957958	4.017176447126475e-6
-9.55955955955956	4.036165693434328e-6
-9.53953953953954	4.055293637627462e-6
-9.51951951951952	4.074561668743659e-6
-9.4994994994995	4.093971193688521e-6
-9.47947947947948	4.113523637518989e-6
-9.45945945945946	4.1332204437322475e-6
-9.43943943943944	4.153063074560176e-6
-9.41941941941942	4.173053011269432e-6
-9.3993993993994	4.193191754467335e-6
-9.37937937937938	4.213480824413645e-6
-9.35935935935936	4.233921761338398e-6
-9.33933933933934	4.2545161257659275e-6
-9.31931931931932	4.275265498845209e-6
-9.2992992992993	4.296171482686685e-6
-9.27927927927928	4.317235700705718e-6
-9.25925925925926	4.3384597979728154e-6
-9.23923923923924	4.359845441570806e-6
-9.21921921921922	4.381394320959111e-6
-9.1991991991992	4.403108148345288e-6
-9.17917917917918	4.42498865906402e-6
-9.15915915915916	4.44703761196373e-6
-9.13913913913914	4.469256789800985e-6
-9.11911911911912	4.491647999642913e-6
-9.0990990990991	4.514213073277783e-6
-9.07907907907908	4.536953867633982e-6
-9.05905905905906	4.559872265207575e-6
-9.03903903903904	4.582970174498666e-6
-9.01901901901902	4.6062495304567624e-6
-8.998998998999	4.629712294935396e-6
-8.97897897897898	4.653360457156188e-6
-8.95895895895896	4.677196034182637e-6
-8.93893893893894	4.701221071403838e-6
-8.91891891891892	4.725437643028409e-6
-8.8988988988989	4.749847852588861e-6
-8.87887887887888	4.774453833456705e-6
-8.85885885885886	4.79925774936854e-6
-8.83883883883884	4.824261794963423e-6
-8.81881881881882	4.849468196331817e-6
-8.7987987987988	4.874879211576398e-6
-8.77877877877878	4.9004971313850525e-6
-8.75875875875876	4.926324279616368e-6
-8.73873873873874	4.952363013897964e-6
-8.71871871871872	4.9786157262379855e-6
-8.6986986986987	5.005084843650131e-6
-8.67867867867868	5.031772828792563e-6
-8.65865865865866	5.058682180621082e-6
-8.63863863863864	5.085815435056963e-6
-8.618618618618619	5.113175165669828e-6
-8.598598598598599	5.140763984376006e-6
-8.578578578578579	5.16858454215278e-6
-8.558558558558559	5.19663952976898e-6
-8.538538538538539	5.224931678532371e-6
-8.518518518518519	5.253463761054331e-6
-8.498498498498499	5.282238592032287e-6
-8.478478478478479	5.311259029050427e-6
-8.458458458458459	5.3405279733992385e-6
-8.438438438438439	5.370048370914378e-6
-8.418418418418419	5.399823212835486e-6
-8.398398398398399	5.429855536685494e-6
-8.378378378378379	5.460148427171079e-6
-8.358358358358359	5.490705017104847e-6
-8.338338338338339	5.521528488349968e-6
-8.318318318318319	5.552622072787882e-6
-8.298298298298299	5.583989053309839e-6
-8.278278278278279	5.6156327648329865e-6
-8.258258258258259	5.647556595341781e-6
-8.238238238238239	5.6797639869555275e-6
-8.218218218218219	5.712258437022877e-6
-8.198198198198199	5.745043499244154e-6
-8.178178178178179	5.778122784822429e-6
-8.158158158158159	5.811499963644258e-6
-8.138138138138139	5.845178765491107e-6
-8.118118118118119	5.879162981282471e-6
-8.098098098098099	5.913456464351768e-6
-8.078078078078079	5.948063131756143e-6
-8.058058058058059	5.982986965621349e-6
-8.038038038038039	6.018232014522946e-6
-8.018018018018019	6.053802394905108e-6
-7.997997997997999	6.089702292538395e-6
-7.977977977977979	6.125935964017909e-6
-7.957957957957959	6.162507738303328e-6
-7.937937937937939	6.199422018302384e-6
-7.917917917917919	6.236683282499446e-6
-7.897897897897899	6.274296086630929e-6
-7.877877877877879	6.312265065409368e-6
-7.857857857857859	6.350594934298082e-6
-7.837837837837839	6.389290491338474e-6
-7.817817817817819	6.428356619032093e-6
-7.797797797797799	6.467798286279767e-6
-7.777777777777779	6.507620550380173e-6
-7.7577577577577586	6.547828559090437e-6
-7.7377377377377385	6.588427552751423e-6
-7.7177177177177185	6.629422866480619e-6
-7.6976976976976985	6.670819932435652e-6
-7.6776776776776785	6.712624282151679e-6
-7.6576576576576585	6.754841548956114e-6
-7.6376376376376385	6.797477470464388e-6
-7.6176176176176185	6.840537891160657e-6
-7.5975975975975985	6.88402876506769e-6
-7.577577577577578	6.92795615851043e-6
-7.557557557557558	6.972326252978046e-6
-7.537537537537538	7.017145348089686e-6
-7.517517517517518	7.0624198646694554e-6
-7.497497497497498	7.1081563479366365e-6
-7.477477477477478	7.154361470817589e-6
-7.457457457457458	7.2010420373862785e-6
-7.437437437437438	7.248204986440958e-6
-7.417417417417418	7.295857395225117e-6
-7.397397397397398	7.344006483301502e-6
-7.377377377377378	7.3926596165887536e-6
-7.357357357357358	7.441824311571027e-6
-7.337337337337338	7.49150823969186e-6
-7.317317317317318	7.5417192319445876e-6
-7.297297297297298	7.592465283672672e-6
-7.277277277277277	7.64375455959461e-6
-7.257257257257258	7.695595399069386e-6
-7.237237237237238	7.747996321620057e-6
-7.217217217217218	7.800966032734634e-6
-7.197197197197198	7.85451342996547e-6
-7.177177177177177	7.908647609350362e-6
-7.157157157157158	7.963377872180994e-6
-7.137137137137138	8.018713732147064e-6
-7.117117117117118	8.074664922887235e-6
-7.097097097097098	8.131241405981624e-6
-7.077077077077077	8.188453379424092e-6
-7.057057057057058	8.246311286616931e-6
-7.037037037037038	8.30482582593529e-6
-7.017017017017018	8.36400796091396e-6
-6.996996996996998	8.423868931115333e-6
-6.976976976976977	8.484420263744096e-6
-6.956956956956957	8.545673786081994e-6
-6.936936936936938	8.607641638824882e-6
-6.916916916916918	8.670336290414137e-6
-6.896896896896898	8.733770552465966e-6
-6.876876876876877	8.79795759641508e-6
-6.856856856856857	8.862910971503834e-6
-6.836836836836838	8.92864462426495e-6
-6.816816816816818	8.995172919665001e-6
-6.796796796796798	9.062510664097957e-6
-6.776776776776777	9.130673130443386e-6
-6.756756756756757	9.199676085432792e-6
-6.736736736736738	9.26953581960105e-6
-6.716716716716718	9.340269180138146e-6
-6.696696696696698	9.411893607000837e-6
-6.676676676676677	9.484427172694933e-6
-6.656656656656657	9.557888626198047e-6
-6.636636636636637	9.63229744156127e-6
-6.616616616616618	9.707673871807692e-6
-6.596596596596598	9.784039008838233e-6
-6.576576576576577	9.861414850162856e-6
-6.556556556556557	9.939824373400804e-6
-6.536536536536537	1.0019291619640245e-5
-6.516516516516518	1.0099841786919276e-5
-6.496496496496498	1.0181501335291668e-5
-6.476476476476477	1.0264298105177013e-5
-6.456456456456457	1.0348261450973327e-5
-6.436436436436437	1.0433422392238131e-5
-6.416416416416418	1.0519813785131574e-5
-6.396396396396398	1.060747051727405e-5
-6.376376376376377	1.0696429729714809e-5
-6.356356356356357	1.0786731070355044e-5
-6.336336336336337	1.0878416983939502e-5
-6.316316316316315	1.097153304465051e-5
-6.296296296296298	1.1066128338439218e-5
-6.276276276276277	1.1162255903549305e-5
-6.256256256256257	1.1259973239275146e-5
-6.236236236236237	1.1359342894910241e-5
-6.216216216216215	1.1460433153152335e-5
-6.1961961961961975	1.1563318825032006e-5
-6.176176176176177	1.1668082176832495e-5
-6.156156156156157	1.1774814013610149e-5
-6.136136136136137	1.1883614948985098e-5
-6.116116116116115	1.1994596897068696e-5
-6.0960960960960975	1.2107884830009665e-5
-6.076076076076077	1.2223618854026622e-5
-6.056056056056057	1.234195666839874e-5
-6.036036036036037	1.2463076486283586e-5
-6.016016016016015	1.2587180514150423e-5
-5.995995995995996	1.2714499109002954e-5
-5.975975975975976	1.2845295760630323e-5
-5.955955955955956	1.2979873081442098e-5
-5.9359359359359365	1.3118580031060636e-5
-5.915915915915915	1.3261820659435435e-5
-5.895895895895896	1.3410064724321379e-5
-5.875875875875876	1.3563860631156527e-5
-5.8558558558558556	1.3723851261818533e-5
-5.835835835835836	1.389079341160221e-5
-5.815815815815815	1.4065581751969046e-5
-5.7957957957957955	1.4249278494867364e-5
-5.7757757757757755	1.4443150272566016e-5
-5.7557557557557555	1.4648714191953449e-5
-5.735735735735736	1.4867795610950751e-5
-5.715715715715715	1.510260096758587e-5
-5.6956956956956954	1.5355810039025505e-5
-5.675675675675675	1.563069341492662e-5
-5.655655655655655	1.593126287101871e-5
-5.635635635635636	1.626246491215596e-5
-5.6156156156156145	1.663043128133005e-5
-5.595595595595595	1.7042805069751706e-5
-5.575575575575575	1.7509167727814413e-5
-5.555555555555555	1.804160148602141e-5
-5.535535535535536	1.865543444353038e-5
-5.5155155155155144	1.9370233225644027e-5
-5.495495495495495	2.0211132446044102e-5
-5.475475475475475	2.1210623488711776e-5
-5.455455455455455	2.2410969878661955e-5
-5.435435435435436	2.3867474833906034e-5
-5.415415415415414	2.5652898145885746e-5
-5.395395395395395	2.7863396630422906e-5
-5.375375375375375	3.0626418663403094e-5
-5.355355355355355	3.411094907952007e-5
-5.335335335335336	3.854021226518147e-5
-5.315315315315314	4.4206044948480074e-5
-5.295295295295295	5.1481946889274086e-5
-5.275275275275275	6.082709898488037e-5
-5.255255255255255	7.276483591703055e-5
-5.235235235235236	8.780579659817401e-5
-5.215215215215214	0.00010627440588323576
-5.195195195195195	0.00012801095205982688
-5.175175175175175	0.00015200587540850375
-5.155155155155155	0.00017619772737874172
-5.135135135135136	0.00019778977461783675
-5.115115115115114	0.00021419228518633997
-5.095095095095095	0.00022407382287404636
-5.075075075075075	0.00022774115200575241
-5.055055055055055	0.00022666270989012366
-5.035035035035036	0.00022266249530096123
-5.015015015015014	0.0002173340434902685
-4.994994994994995	0.00021182089832211205
-4.974974974974975	0.00020683944195978054
-4.954954954954955	0.00020279081596310446
-4.934934934934936	0.0001998747193628568
-4.914914914914914	0.00019817548685607608
-4.894894894894895	0.0001977189191484126
-4.874874874874875	0.000198507013373601
-4.854854854854855	0.00020053817882298482
-4.834834834834836	0.00020381864251236024
-4.814814814814814	0.00020836879652483896
-4.794794794794795	0.00021422679042808836
-4.774774774774775	0.00022145072517674481
-4.754754754754755	0.00023012022255984048
-4.734734734734736	0.00024033779616393364
-4.714714714714714	0.0002522302425216762
-4.694694694694695	0.0002659501441857916
-4.674674674674675	0.00028167749257363003
-4.654654654654653	0.00029962137484788084
-4.634634634634636	0.00032002161204489044
-4.614614614614614	0.00034315017691972563
-4.594594594594595	0.00036931215524324947
-4.574574574574575	0.0003988459427021286
-4.554554554554553	0.0004321222941175125
-4.534534534534536	0.0004695417703258907
-4.514514514514514	0.0005115300749703731
-4.494494494494495	0.0005585307603694292
-4.474474474474475	0.0006109948380272045
-4.454454454454453	0.000669366990331951
-4.4344344344344355	0.0007340683803783755
-4.414414414414414	0.0008054765200226533
-4.394394394394395	0.0008839032776513806
-4.374374374374375	0.0009695728348604543
-4.354354354354353	0.0010626021207317353
-4.3343343343343355	0.0011629867856414692
-4.314314314314314	0.0012705959078136305
-4.2942942942942945	0.0013851781600278906
-4.2742742742742745	0.00150638100859177
-4.254254254254253	0.0016337827595878265
-4.234234234234235	0.0017669352072212949
-4.214214214214214	0.0019054127352468309
-4.1941941941941945	0.0020488624624073423
-4.1741741741741745	0.0021970497522047533
-4.154154154154153	0.0023498941985317127
-4.134134134134135	0.0025074928229111156
-4.1141141141141135	0.0026701292360982207
-4.094094094094094	0.002838269437204792
-4.074074074074074	0.003012546366794549
-4.054054054054053	0.003193736115743918
-4.034034034034035	0.00338272884142655
-4.014014014014013	0.0035804971208267004
-3.9939939939939944	0.0037880638966946356
-3.9739739739739743	0.004006471551797882
-3.953953953953953	0.004236753123267243
-3.933933933933935	0.0044799063191916485
-3.913913913913913	0.004736870836033187
-3.8938938938938943	0.005008509466128377
-3.8738738738738743	0.005295593570371445
-3.853853853853853	0.005598793600928346
-3.833833833833835	0.005918675421259502
-3.813813813813813	0.006255703124571419
-3.7937937937937942	0.006610248854891548
-3.773773773773774	0.0069826097721386446
-3.753753753753753	0.007373031791252981
-3.733733733733735	0.007781739116543546
-3.713713713713713	0.008208967964651363
-3.693693693693694	0.008655002317070887
-3.673673673673674	0.009120209157870637
-3.653653653653653	0.009605070504658633
-3.633633633633635	0.010110209664968206
-3.6136136136136128	0.01063640953643181
-3.593593593593594	0.011184621367295765
-3.573573573573574	0.011755963126047441
-3.5535535535535527	0.012351707407223866
-3.533533533533535	0.012973259544933082
-3.5135135135135127	0.013622127257456644
-3.493493493493494	0.01429988367334158
-3.473473473473474	0.01500812598350867
-3.4534534534534527	0.015748432232460727
-3.433433433433435	0.01652231891639561
-3.4134134134134126	0.017331202102615646
-3.393393393393394	0.018176364716299753
-3.3733733733733735	0.019058932437190337
-3.3533533533533526	0.0199798602812127
-3.333333333333335	0.020939931383279497
-3.3133133133133126	0.021939768734959463
-3.293293293293294	0.022979859679548176
-3.2732732732732734	0.02406059187981924
-3.2532532532532525	0.02518229834234443
-3.2332332332332347	0.026345308031389274
-3.2132132132132125	0.027549997775744614
-3.193193193193194	0.028796840697037997
-3.1731731731731734	0.030086446369181404
-3.1531531531531525	0.03141958840305533
-3.1331331331331347	0.03279721612053218
-3.1131131131131125	0.034220448355309456
-3.0930930930930938	0.03569054906106767
-3.0730730730730733	0.03720888615566372
-3.0530530530530524	0.038776876710870455
-3.0330330330330346	0.04039592304957477
-3.0130130130130124	0.042067345399357116
-2.9929929929929937	0.04379231736579349
-2.9729729729729732	0.04557181055439371
-2.9529529529529523	0.04740655414242254
-2.9329329329329346	0.04929701407294625
-2.9129129129129123	0.051243394850770646
-2.8928928928928936	0.05324566475900057
-2.872872872872873	0.05530360284975691
-2.8528528528528523	0.05741686352743855
-2.8328328328328345	0.05958505222950313
-2.8128128128128123	0.0618078039357713
-2.7927927927927936	0.06408485529984756
-2.772772772772773	0.0664161013173543
-2.752752752752752	0.06880162872225835
-2.7327327327327318	0.0712417206745103
-2.712712712712712	0.07373683054635308
-2.6926926926926935	0.07628752636822989
-2.672672672672673	0.07889441130246505
-2.652652652652652	0.081558028884941
-2.6326326326326317	0.08427876425120262
-2.612612612612612	0.08705675376561677
-2.5925925925925934	0.0898918151486959
-2.572572572572573	0.09278340825756122
-2.552552552552552	0.09573063321435521
-2.5325325325325316	0.09873226789863723
-2.512512512512512	0.1017868414297174
-2.4924924924924934	0.10489273485007274
-2.472472472472473	0.10804829558170653
-2.452452452452452	0.11125194916974698
-2.4324324324324316	0.11450229102381704
-2.412412412412412	0.11779814270867912
-2.3923923923923933	0.12113856181248056
-2.372372372372373	0.12452280106896708
-2.352352352352352	0.12795022033774306
-2.3323323323323315	0.13142016304992254
-2.312312312312312	0.13493181546878577
-2.2922922922922933	0.13848407134088864
-2.272272272272273	0.14207542526079317
-2.252252252252252	0.1457039148587906
-2.2322322322322314	0.1493671248760931
-2.212212212212212	0.15306225612751115
-2.192192192192193	0.15678625073526817
-2.1721721721721727	0.16053595382821773
-2.152152152152152	0.16430828334651093
-2.1321321321321314	0.16810037570426664
-2.112112112112112	0.1719096772275024
-2.0920920920920913	0.1757339598147735
-2.0720720720720727	0.17957125314874492
-2.0520520520520518	0.1834197026939882
-2.0320320320320313	0.1872773793493513
-2.0120120120120117	0.19114207931194466
-1.9919919919919913	0.1950111581797379
-1.9719719719719722	0.19888143947148842
-1.9519519519519521	0.20274922429063835
-1.9319319319319312	0.20661040769066888
-1.9119119119119112	0.21046068242172677
-1.8918918918918912	0.21429578772355393
-1.871871871871872	0.21811174572231323
-1.851851851851852	0.22190502580991722
-1.8318318318318312	0.22567259054740332
-1.8118118118118112	0.2294118037475279
-1.7917917917917912	0.23312021693814453
-1.771771771771772	0.23679528559797275
-1.751751751751752	0.2404340913233503
-1.7317317317317311	0.2440331518096141
-1.711711711711711	0.2475883828302827
-1.691691691691691	0.2510952371986665
-1.671671671671672	0.25454899387075963
-1.651651651651652	0.2579451203494188
-1.631631631631631	0.261279599906652
-1.611611611611611	0.2645491153158325
-1.591591591591591	0.2677510177690934
-1.571571571571572	0.270883076310949
-1.551551551551551	0.27394308024143127
-1.531531531531531	0.27692842796111466
-1.511511511511511	0.2798358552995414
-1.491491491491491	0.2826614203551992
-1.4714714714714718	0.2854007752379457
-1.451451451451451	0.2880496440889418
-1.431431431431431	0.2906043329386877
-1.411411411411411	0.2930620631321198
-1.391391391391391	0.2954209715112832
-1.3713713713713718	0.29767974930719054
-1.3513513513513509	0.2998370522400699
-1.3313313313313309	0.301890936696566
-1.3113113113113108	0.3038385952307295
-1.2912912912912908	0.30567655119937626
-1.2712712712712717	0.30740126053995437
-1.2512512512512508	0.3090098508295747
-1.2312312312312308	0.3105006199520527
-1.2112112112112108	0.3118729998856386
-1.1911911911911908	0.3131269547261004
-1.1711711711711716	0.31426210626906415
-1.1511511511511507	0.3152770814978086
-1.1311311311311307	0.31616950545218503
-1.1111111111111107	0.31693671149628233
-1.0910910910910907	0.31757678326250904
-1.0710710710710716	0.31808926681272404
-1.0510510510510507	0.3184750281570104
-1.0310310310310307	0.31873526756105347
-1.0110110110110107	0.31887032314543673
-0.9909909909909906	0.318879144781132
-0.9709709709709715	0.31875992078037196
-0.9509509509509506	0.31851148010300256
-0.9309309309309306	0.3181343931998641
-0.9109109109109106	0.31763079634377406
-0.8908908908908906	0.3170029524440716
-0.8708708708708714	0.31625171852558415
-0.8508508508508505	0.3153763508269871
-0.8308308308308305	0.3143759870126155
-0.8108108108108105	0.3132515064333192
-0.7907907907907905	0.3120058801269997
-0.7707707707707714	0.3106424612452934
-0.7507507507507505	0.3091628724489327
-0.7307307307307305	0.3075668612179564
-0.7107107107107105	0.30585451861902113
-0.6906906906906904	0.3040284153496037
-0.6706706706706713	0.3020929380279083
-0.6506506506506504	0.3000513676574671
-0.6306306306306304	0.29790439165861793
-0.6106106106106104	0.2956522949785905
-0.5905905905905904	0.2932980749617611
-0.5705705705705713	0.2908469100151357
-0.5505505505505504	0.28830238012068365
-0.5305305305305303	0.28566512696164714
-0.5105105105105103	0.2829364510377421
-0.4904904904904903	0.28012121376834365
-0.4704704704704712	0.27722478885098023
-0.4504504504504503	0.27424899586781837
-0.4304304304304303	0.271194645295729
-0.41041041041041026	0.268066391804698
-0.39039039039039025	0.2648702085525839
-0.3703703703703711	0.2616080004547937
-0.3503503503503502	0.25828083995776
-0.3303303303303302	0.25489437866528686
-0.3103103103103102	0.2514538966617774
-0.2902902902902902	0.24795995019037384
-0.2702702702702702	0.24441566134033
-0.25025025025025016	0.24082768397892707
-0.23023023023023015	0.23719756047234442
-0.21021021021021014	0.2335269331521383
-0.19019019019019012	0.22982264386457255
-0.1701701701701701	0.22608622196871123
-0.1501501501501501	0.22231980145030486
-0.13013013013013008	0.21853040022871534
-0.11011011011011007	0.21471793272841247
-0.09009009009009006	0.21088882200616133
-0.07007007007007005	0.20704533823440743
-0.05005005005005003	0.20319110008880284
-0.03003003003003002	0.19932885759071634
-0.010010010010010006	0.19546106284436554
0.010010010010010006	0.19159190535825152
0.03003003003003002	0.18772571294833543
0.05005005005005003	0.18386476919281533
0.07007007007007005	0.1800101583099946
0.09009009009009006	0.17616563359363105
0.11011011011011007	0.17233279672791382
0.13013013013013008	0.16851903763597087
0.1501501501501501	0.16472281079639536
0.1701701701701701	0.1609518326858223
0.19019019019019012	0.15720510381202474
0.21021021021021014	0.15348383625893122
0.23023023023023015	0.14979344501910885
0.25025025025025016	0.1461320549978485
0.2702702702702702	0.14250143297531706
0.2902902902902902	0.1389071420981884
0.3103103103103102	0.13534873462823724
0.3303303303303302	0.13182662910013157
0.3503503503503502	0.12834649730551184
0.37037037037037024	0.12491073557965372
0.39039039039039025	0.12151809277210801
0.41041041041041026	0.1181712930110962
0.4304304304304303	0.11487534752437362
0.4504504504504503	0.11163101835602902
0.4704704704704703	0.10843692232827751
0.4904904904904903	0.1052952719782961
0.5105105105105103	0.10221027699248804
0.5305305305305303	0.09918286700950046
0.5505505505505504	0.09621115678752136
0.5705705705705704	0.0932952496532548
0.5905905905905904	0.0904383112524493
0.6106106106106104	0.08764272503504776
0.6306306306306304	0.08490753884375017
0.6506506506506504	0.08223066301415632
0.6706706706706704	0.07961230194395952
0.6906906906906922	0.07705501222699866
0.7107107107107105	0.07456072393733668
0.7307307307307305	0.07212869364638767
0.7507507507507505	0.06975666629903873
0.7707707707707705	0.06744357370692816
0.7907907907907923	0.06519069195202078
0.8108108108108105	0.06300025294029804
0.8308308308308305	0.06087320736901816
0.8508508508508505	0.058808388098814335
0.8708708708708706	0.05680367577314508
0.8908908908908924	0.054857894541223834
0.9109109109109106	0.05297173998899857
0.9309309309309306	0.05114710377363709
0.9509509509509506	0.0493855292990911
0.9709709709709706	0.04768707564594925
0.9909909909909924	0.04605036146877511
1.0110110110110107	0.04447360847526693
1.0310310310310307	0.04295586123218444
1.0510510510510507	0.041497579553223064
1.0710710710710707	0.04010032115890264
1.0910910910910925	0.0387658231545319
1.1111111111111107	0.03749508347024332
1.1311311311311307	0.03628793938316053
1.1511511511511507	0.035143292313156826
1.1711711711711708	0.03405977781815881
1.1911911911911925	0.03303650115514334
1.2112112112112108	0.032073494665026694
1.2312312312312308	0.03117173646646569
1.2512512512512508	0.03033278499997094
1.2712712712712708	0.02955823050831419
1.2912912912912926	0.028849197847720824
1.3113113113113108	0.028206070678604936
1.3313313313313309	0.027628496025614156
1.3513513513513509	0.027115623482019267
1.3713713713713709	0.02666646840994833
1.3913913913913927	0.02628027262180746
1.411411411411411	0.02595676063618399
1.431431431431431	0.025696237235697098
1.451451451451451	0.025499523852974108
1.471471471471471	0.025367772241390227
1.4914914914914927	0.02530221582556637
1.511511511511511	0.025303921441816177
1.531531531531531	0.02537359184412299
1.551551551551551	0.02551144964513023
1.571571571571571	0.025717212801757778
1.5915915915915928	0.02599015445907506
1.611611611611611	0.026329227598569243
1.631631631631631	0.026733227595433222
1.651651651651651	0.027200962995632762
1.671671671671671	0.027731406089076285
1.6916916916916929	0.0283237997349173
1.711711711711711	0.028977704751859325
1.7317317317317311	0.029692981979530096
1.7517517517517511	0.030469713415257123
1.7717717717717711	0.031308076062889434
1.791791791791793	0.03220818893490062
1.8118118118118112	0.03316995714508738
1.8318318318318312	0.034192936910819836
1.8518518518518512	0.03527624175293679
1.8718718718718712	0.03641850381500868
1.891891891891893	0.037617895869334166
1.9119119119119112	0.038872210307500876
1.9319319319319312	0.0401789824974073
1.9519519519519513	0.04153563870070235
1.971971971971973	0.04293964456335481
1.991991991991993	0.04438862991099894
2.0120120120120117	0.04588046942778805
2.0320320320320313	0.04741330618948165
2.0520520520520513	0.048985514638976956
2.072072072072073	0.050595609670373215
2.092092092092093	0.05224211722444691
2.112112112112112	0.05392342774441379
2.1321321321321314	0.05563765615052861
2.1521521521521514	0.057382530497874576
2.172172172172173	0.05915532661970264
2.192192192192193	0.06095285871542121
2.212212212212212	0.06277152718546376
2.2322322322322314	0.06460741633732414
2.2522522522522515	0.06645642715876728
2.2722722722722732	0.06831442527217935
2.2922922922922933	0.07017738221196654
2.312312312312312	0.07204148959574366
2.3323323323323315	0.07390323033027622
2.3523523523523515	0.0757593979197573
2.3723723723723733	0.0776070630554647
2.3923923923923933	0.07944349462975425
2.412412412412412	0.08126604889413763
2.4324324324324316	0.08307204473946905
2.4524524524524516	0.08485864452157196
2.4724724724724734	0.086622758457442
2.4924924924924934	0.08836098675126865
2.512512512512512	0.09006960795054865
2.5325325325325316	0.09174461543116905
2.5525525525525516	0.09338179727724386
2.5725725725725734	0.09497684902514283
2.5925925925925934	0.09652550451703104
2.612612612612612	0.09802366797880485
2.6326326326326317	0.09946753064175068
2.6526526526526517	0.10085365768889223
2.6726726726726735	0.10217903563319274
2.6926926926926935	0.10344107577325844
2.712712712712712	0.10463757531343346
2.7327327327327318	0.10576664324343764
2.7527527527527518	0.10682660241788038
2.7727727727727736	0.10781588193827144
2.7927927927927936	0.10873291466849011
2.8128128128128123	0.10957605353382387
2.832832832832832	0.11034351742806049
2.852852852852852	0.11103337352370118
2.8728728728728736	0.11164355809191227
2.8928928928928936	0.11217193317028741
2.9129129129129123	0.11261637212060409
2.932932932932932	0.11297486377163515
2.952952952952952	0.11324562280109549
2.9729729729729737	0.11342719348062297
2.9929929929929937	0.11351853491726736
3.0130130130130124	0.11351907832098079
3.033033033033032	0.11342875028981562
3.053053053053052	0.1132479601852162
3.0730730730730738	0.11297755385393926
3.0930930930930938	0.11261873973014767
3.1131131131131125	0.11217299628490524
3.133133133133132	0.11164197157415442
3.153153153153154	0.11102738612455297
3.173173173173174	0.11033094960812599
3.193193193193194	0.10955429985478268
3.2132132132132125	0.10869897000771385
3.233233233233232	0.10776638637714837
3.253253253253254	0.10675789615338659
3.273273273273274	0.10567482094955014
3.293293293293294	0.10451852946810687
3.3133133133133126	0.10329052067238169
3.333333333333332	0.10199250786671651
3.353353353353354	0.10062649412728487
3.373373373373374	0.09919483056016276
3.393393393393394	0.09770025077255207
3.4134134134134126	0.09614587751218971
3.433433433433432	0.0945352003717957
3.453453453453454	0.0928720264431461
3.473473473473474	0.09116040851288595
3.493493493493494	0.08940455753557904
3.5135135135135127	0.08760874749193305
3.5335335335335323	0.08577722123419147
3.553553553553554	0.0839141055342284
3.573573573573574	0.08202334237613208
3.593593593593594	0.08010864174065993
3.6136136136136128	0.07817345892579598
3.6336336336336323	0.07622099706468494
3.653653653653654	0.07425423316184972
3.673673673673674	0.07227596386972539
3.693693693693694	0.07028886553536018
3.713713713713713	0.06829556188740361
3.7337337337337324	0.06629869218888457
3.753753753753754	0.06430097278789396
3.773773773773774	0.06230524574173305
3.7937937937937942	0.060314509502538284
3.813813813813813	0.058331928412799744
3.8338338338338325	0.056360819799507016
3.8538538538538543	0.05440461957476856
3.8738738738738743	0.05246682923563083
3.8938938938938943	0.050550948807578454
3.913913913913913	0.04866040143614206
3.9339339339339325	0.0467984559016368
3.9539539539539543	0.04496815328821851
3.9739739739739743	0.043172243426667624
3.9939939939939944	0.04141313565644879
4.014014014014013	0.039692867061232796
4.034034034034033	0.0380130897825323
4.054054054054054	0.03637507746023631
4.074074074074074	0.03477974941436917
4.094094094094094	0.03322770996431807
4.114114114114113	0.03171929934110056
4.134134134134133	0.030254652016744422
4.1541541541541545	0.0288337579625094
4.1741741741741745	0.027456522349883206
4.1941941941941945	0.026122819510595162
4.214214214214213	0.02483253755096749
4.234234234234233	0.023585610837157447
4.2542542542542545	0.0223820385812315
4.2742742742742745	0.021221888894703778
4.2942942942942945	0.020105288848459496
4.314314314314313	0.019032402184364222
4.334334334334333	0.018003397259686103
4.354354354354355	0.017018408477602828
4.374374374374375	0.016077494799385084
4.394394394394395	0.015180598919695606
4.414414414414413	0.014327510334522352
4.434434434434436	0.013517834903107913
4.454454454454455	0.012750972694583161
4.474474474474475	0.012026105026551782
4.494494494494495	0.01134219075439339
4.514514514514513	0.010697971146664455
4.5345345345345365	0.010091982145783092
4.554554554554555	0.009522572494223851
4.574574574574575	0.008987926104863975
4.594594594594595	0.008486087146509879
4.614614614614613	0.008014986563263124
4.6346346346346365	0.007572469103204559
4.654654654654655	0.007156320350288426
4.674674674674675	0.006764293687216505
4.694694694694695	0.0063941375216983055
4.714714714714713	0.006043623438244884
4.734734734734737	0.005710576142732998
4.754754754754755	0.005392906091476549
4.774774774774775	0.0050886454803842325
4.794794794794795	0.004795987757945817
4.814814814814813	0.0045133299872884445
4.834834834834837	0.004239316239552303
4.854854854854855	0.003972878862922905
4.874874874874875	0.0037132731628393414
4.894894894894895	0.0034601000872546005
4.914914914914913	0.003213311338619073
4.934934934934937	0.0029731922875193537
4.954954954954955	0.002740320297005405
4.974974974974975	0.0025154993922110263
4.994994994994995	0.002299676038736106
5.015015015015013	0.002093844240394297
5.035035035035037	0.001898950309980817
5.055055055055055	0.0017158078741040322
5.075075075075075	0.0015450318530087542
5.095095095095095	0.0013869968002906566
5.115115115115113	0.0012418209836526975
5.135135135135137	0.0011093738969455715
5.155155155155155	0.000989302240177163
5.175175175175175	0.0008810681075957693
5.195195195195195	0.0007839931052749448
5.215215215215213	0.0006973030332886535
5.235235235235237	0.0006201691737677708
5.255255255255255	0.0005517437309331969
5.275275275275275	0.0004911882995940382
5.295295295295295	0.0004376952559860571
5.315315315315313	0.0003905026394910027
5.335335335335337	0.0003489034648985863
5.355355355355355	0.00031225054320153033
5.375375375375375	0.00027995787008729074
5.395395395395395	0.00025149953077689734
5.4154154154154135	0.00022640691707264765
5.435435435435437	0.0002042648906415639
5.455455455455455	0.00018470737543077953
5.475475475475475	0.00016741273152847872
5.495495495495495	0.000152099156027283
5.515515515515514	0.00013852027288331
5.535535535535537	0.0001264610107483936
5.555555555555555	0.00011573382185660131
5.575575575575575	0.0001061752627881305
5.595595595595595	9.764293616038272e-5
5.615615615615614	9.001277833966584e-5
5.635635635635637	8.317666997624128e-5
5.655655655655655	7.704034186484346e-5
5.675675675675675	7.152154705536728e-5
5.6956956956956954	6.654847034959353e-5
5.715715715715717	6.205834764564116e-5
5.735735735735737	5.799626955820017e-5
5.7557557557557555	5.431414602360895e-5
5.7757757757757755	5.096981097762325e-5
5.7957957957957955	4.792624853115127e-5
5.815815815815817	4.5150924281107454e-5
5.835835835835837	4.261520743343626e-5
5.8558558558558556	4.029387126223006e-5
5.875875875875876	3.8164661078341566e-5
5.895895895895896	3.6207920338922023e-5
5.915915915915917	3.440626680802837e-5
5.935935935935937	3.274431179317183e-5
5.955955955955956	3.1208416450046055e-5
5.975975975975976	2.9786479984424045e-5
5.995995995995996	2.8467755302373692e-5
6.016016016016017	2.7242688282462035e-5
6.0360360360360374	2.6102777380101682e-5
6.056056056056057	2.5040450736796707e-5
6.076076076076077	2.4048958366516684e-5
6.096096096096095	2.312227733707329e-5
6.1161161161161175	2.2255028164184854e-5
6.1361361361361375	2.144240089660788e-5
6.156156156156157	2.068008959782308e-5
6.176176176176177	1.9964234127787874e-5
6.196196196196195	1.929136830071176e-5
6.216216216216218	1.8658373644412218e-5
6.236236236236238	1.8062438115623632e-5
6.256256256256257	1.7501019235226012e-5
6.276276276276277	1.6971811199017187e-5
6.296296296296295	1.6472715594483925e-5
6.316316316316318	1.6001815413205736e-5
6.336336336336338	1.555735209335581e-5
6.356356356356357	1.5137705358788655e-5
6.376376376376377	1.4741375642249197e-5
6.396396396396395	1.4366968892346077e-5
6.416416416416418	1.4013183569332652e-5
6.436436436436438	1.367879963570173e-5
6.456456456456457	1.3362669346304156e-5
6.476476476476477	1.3063709641118179e-5
6.496496496496495	1.2780895943534748e-5
6.516516516516518	1.251325716928481e-5
6.536536536536538	1.2259871756642355e-5
6.556556556556557	1.2019864537555179e-5
6.576576576576577	1.1792404281744476e-5
6.596596596596595	1.1576701761089178e-5
6.616616616616618	1.1372008199066377e-5
6.636636636636638	1.1177613988815829e-5
6.656656656656657	1.0992847582665255e-5
6.676676676676677	1.0817074474886526e-5
6.696696696696695	1.0649696217346884e-5
6.716716716716718	1.0490149424034174e-5
6.736736736736738	1.033790473479325e-5
6.756756756756757	1.0192465720800832e-5
6.776776776776777	1.0053367724271668e-5
6.796796796796795	9.920176632688768e-6
6.816816816816818	9.792487593645116e-6
6.836836836836838	9.669923680394278e-6
6.856856856856857	9.552134520687927e-6
6.876876876876877	9.438794902703034e-6
6.896896896896898	9.329603372090516e-6
6.916916916916918	9.224280833658517e-6
6.936936936936938	9.122569170153437e-6
6.956956956956957	9.024229889206365e-6
6.976976976976977	8.929042807923903e-6
6.996996996996998	8.836804782941551e-6
7.017017017017018	8.747328492115283e-6
7.037037037037038	8.660441272468645e-6
7.057057057057057	8.575984017582398e-6
7.077077077077077	8.493810136337172e-6
7.097097097097098	8.413784573809685e-6
7.117117117117118	8.335782894181284e-6
7.137137137137138	8.25969042473846e-6
7.157157157157157	8.185401459418005e-6
7.177177177177177	8.112818519860365e-6
7.197197197197198	8.041851671568594e-6
7.217217217217218	7.9724178925106e-6
7.237237237237238	7.904440491333797e-6
7.257257257257257	7.837848572268926e-6
7.277277277277277	7.772576543769824e-6
7.297297297297298	7.708563667956472e-6
7.317317317317318	7.64575364798855e-6
7.337337337337338	7.584094250586937e-6
7.357357357357357	7.523536961033094e-6
7.377377377377377	7.464036668104149e-6
7.397397397397398	7.40555137653977e-6
7.417417417417418	7.348041944780428e-6
7.437437437437438	7.291471845862431e-6
7.4574574574574575	7.235806949499956e-6
7.4774774774774775	7.1810153235261186e-6
7.497497497497498	7.127067053002457e-6
7.517517517517518	7.073934075437657e-6
7.537537537537538	7.021590030681266e-6
7.5575575575575575	6.970010124176122e-6
7.5775775775775776	6.919171002363668e-6
7.5975975975975985	6.8690506391396505e-6
7.6176176176176185	6.8196282323534955e-6
7.6376376376376385	6.770884109433464e-6
7.657657657657658	6.72279964130165e-6
7.677677677677678	6.67535716381816e-6
7.6976976976976985	6.628539906063063e-6
7.7177177177177185	6.582331924827983e-6
7.7377377377377385	6.536718044747132e-6
7.757757757757758	6.491683803550421e-6
7.777777777777778	6.4472154019694006e-6
7.797797797797799	6.403299657870584e-6
7.817817817817819	6.359923964230562e-6
7.837837837837839	6.317076250603396e-6
7.857857857857858	6.27474494776369e-6
7.877877877877878	6.23291895523839e-6
7.897897897897899	6.191587611467375e-6
7.917917917917919	6.150740666357296e-6
7.937937937937939	6.110368256015188e-6
7.957957957957958	6.070460879468472e-6
7.977977977977978	6.031009377195941e-6
7.997997997997999	5.992004911310804e-6
8.018018018018019	5.953438947251593e-6
8.038038038038039	5.915303236850149e-6
8.058058058058059	5.8775898026580535e-6
8.078078078078079	5.840290923423752e-6
8.098098098098099	5.803399120622589e-6
8.118118118118119	5.766907145950898e-6
8.138138138138139	5.730807969703392e-6
8.158158158158159	5.695094769960469e-6
8.178178178178179	5.659760922518647e-6
8.198198198198199	5.624799991503371e-6
8.218218218218219	5.5902057206088785e-6
8.238238238238239	5.555972024914729e-6
8.258258258258259	5.522092983233061e-6
8.278278278278279	5.488562830944711e-6
8.298298298298299	5.455375953285973e-6
8.318318318318319	5.422526879051112e-6
8.338338338338339	5.390010274678767e-6
8.358358358358359	5.3578209386931306e-6
8.378378378378379	5.325953796473235e-6
8.398398398398399	5.294403895326006e-6
8.418418418418419	5.263166399840728e-6
8.438438438438439	5.232236587504495e-6
8.458458458458459	5.2016098445598575e-6
8.478478478478479	5.171281662087499e-6
8.498498498498499	5.141247632298101e-6
8.518518518518519	5.111503445018909e-6
8.538538538538539	5.082044884361638e-6
8.558558558558559	5.052867825559442e-6
8.578578578578579	5.023968231961648e-6
8.598598598598599	4.995342152175815e-6
8.618618618618619	4.966985717347547e-6
8.63863863863864	4.938895138569166e-6
8.65865865865866	4.91106670440908e-6
8.67867867867868	4.883496778554275e-6
8.6986986986987	4.85618179755894e-6
8.71871871871872	4.829118268692755e-6
8.73873873873874	4.802302767882839e-6
8.75875875875876	4.775731937743812e-6
8.77877877877878	4.749402485690812e-6
8.7987987987988	4.723311182130681e-6
8.81881881881882	4.6974548587268736e-6
8.83883883883884	4.671830406733959e-6
8.85885885885886	4.646434775397878e-6
8.87887887887888	4.621264970418348e-6
8.8988988988989	4.59631805247011e-6
8.91891891891892	4.57159113577989e-6
8.93893893893894	4.547081386756156e-6
8.95895895895896	4.522786022668987e-6
8.97897897897898	4.4987023103774895e-6
8.998998998999	4.474827565102396e-6
9.01901901901902	4.451159149241634e-6
9.03903903903904	4.4276944712267574e-6
9.05905905905906	4.404430984418315e-6
9.07907907907908	4.381366186038299e-6
9.0990990990991	4.3584976161379636e-6
9.11911911911912	4.335822856599396e-6
9.13913913913914	4.313339530169306e-6
9.15915915915916	4.291045299523612e-6
9.17917917917918	4.268937866361471e-6
9.1991991991992	4.2470149705274636e-6
9.21921921921922	4.22527438916076e-6
9.23923923923924	4.20371393587011e-6
9.25925925925926	4.1823314599335875e-6
9.27927927927928	4.161124845522089e-6
9.2992992992993	4.1400920109456115e-6
9.31931931931932	4.11923090792141e-6
9.33933933933934	4.098539520863171e-6
9.35935935935936	4.0780158661903845e-6
9.37937937937938	4.057657991657145e-6
9.3993993993994	4.037463975699635e-6
9.41941941941942	4.017431926801608e-6
9.43943943943944	3.99755998287719e-6
9.45945945945946	3.97784631067038e-6
9.47947947947948	3.958289105170639e-6
9.4994994994995	3.938886589044e-6
9.51951951951952	3.91963701207915e-6
9.53953953953954	3.900538650647959e-6
9.55955955955956	3.881589807179967e-6
9.57957957957958	3.862788809650348e-6
9.5995995995996	3.8441340110808976e-6
9.61961961961962	3.8256237890536105e-6
9.63963963963964	3.807256545236437e-6
9.65965965965966	3.789030704920816e-6
9.67967967967968	3.7709447165706044e-6
9.6996996996997	3.7529970513820456e-6
9.71971971971972	3.7351862028544195e-6
9.73973973973974	3.717510686371043e-6
9.75975975975976	3.6999690387903045e-6
9.77977977977978	3.682559818046409e-6
9.7997997997998	3.665281602759562e-6
9.81981981981982	3.6481329918552803e-6
9.83983983983984	3.63111260419258e-6
9.85985985985986	3.6142190782007633e-6
9.87987987987988	3.5974510715245602e-6
9.8998998998999	3.5808072606773733e-6
9.91991991991992	3.5642863407024024e-6
9.93993993993994	3.547887024841414e-6
9.95995995995996	3.5316080442109397e-6
9.97997997997998	3.5154481474857007e-6
10.0	3.499406100589047e-6
